5 9932 9843 9781 9707 9622 
5 9952 9867 9777 9698 9612 
5 9927 9853 9787 9765 9620 
5 9982 9850 9775 9701 9615 
6 9934 9908 9860 9774 9696 9617 
5 9976 9861 9791 9703 9619 
5 9991 9873 9784 9694 9616 
5 9916 9862 9776 9699 9618 
5 9985 9866 9782 9705 9625 
5 9965 9859 9779 9700 9621 
5 9917 9879 9792 9714 9628 
5 9987 9891 9800 9717 9627 
5 9981 9887 9788 9704 9623 
5 9972 9840 9773 9702 9626 
5 9990 9878 9799 9706 9624 
5 9913 9870 9786 9713 9631 
5 9955 9872 9794 9712 9630 
5 9944 9886 9803 9716 9635 
5 9998 9869 9798 9708 9632 
5 9968 9849 9785 9711 9633 
5 9969 9874 9783 9709 9629 
5 9928 9863 9793 9710 9634 
5 9912 9865 9790 9715 9636 
5 9918 9875 9796 9720 9637 
5 9954 9894 9804 9718 9638 
5 9984 9871 9795 9721 9640 
5 9961 9881 9797 9719 9639 
6 9953 9940 9882 9805 9724 9641 
5 9924 9868 9802 9723 9642 
5 9962 9890 9807 9726 9644 
5 9967 9884 9813 9727 9646 
5 9911 9880 9812 9725 9645 
5 9931 9888 9801 9722 9643 
5 9978 9898 9808 9728 9648 
5 9989 9889 9809 9730 9647 
5 9910 9893 9806 9731 9649 
5 9979 9885 9810 9729 9650 
5 9921 9900 9818 9734 9652 
4 9996 9829 9733 9651 
5 9993 9897 9811 9732 9653 
5 9945 9892 9815 9735 9654 
5 9950 9895 9817 9739 9656 
5 9946 9896 9816 9736 9655 
5 9926 9903 9820 9737 9659 
5 9939 9904 9819 9740 9975 
5 9936 9883 9814 9738 9657 
4 9914 9937 9742 9661 
5 9988 9949 9821 9743 9660 
5 9963 9906 9824 9746 9663 
4 9923 9828 9741 9662 
5 9970 9905 9929 9752 9664 
4 9925 9856 9753 9667 
5 9920 9899 9827 9744 9665 
4 9933 9845 9751 9670 
4 9983 9825 9750 9673 
4 9992 9835 9747 9666 
4 9999 9852 9749 9669 
5 9964 9901 9902 9745 9668 
4 9941 9823 9748 9671 
4 9957 9831 9755 9674 
4 9930 9854 9763 9672 
4 9986 9847 9754 9675 
4 9948 9832 9756 9681 
4 9971 9855 9758 9679 
4 9960 9864 9761 9677 
4 9980 9848 9766 9682 
4 9974 9837 9759 9676 
4 9938 9833 9757 9678 
4 9959 9838 9780 9689 
4 9966 9846 9764 9686 
4 9942 9834 9762 9684 
4 9935 9876 9771 9680 
4 9947 9836 9760 9685 
4 9909 9851 9770 9683 
4 9994 9842 9772 9687 
4 9995 9958 9778 9692 
4 9973 9841 9769 9693 
4 9919 9839 9858 9691 
4 9943 9956 9768 9688 
4 9997 9877 9767 9690 
4 9922 9857 9789 9695 
