9 6767 6558 3176 4207 3972 5535 992 1349 1880 
7 741 8024 2576 4016 6575 102 5982 
3 6912 4064 1376 
11 7911 7846 9487 1873 9064 5584 4541 1256 4756 4328 9377 
3 2297 1797 7122 
8 8509 5034 3188 1830 5888 19 6213 6544 
6 6418 1874 5503 1620 5824 1067 
6 6961 5743 2957 2605 9042 7110 
13 3471 8104 9012 4807 830 3047 1106 942 772 1721 4491 9370 3225 
8 3546 7398 8449 6450 6360 4115 3119 4027 
6 7965 3368 4246 3840 2077 4887 
4 8731 2147 8991 2660 
5 1543 1260 7380 6580 1817 
4 5222 6877 6711 2573 
12 8029 3208 3354 3108 6764 2663 6089 4356 1779 7843 3498 255 
6 6466 1697 6420 4520 9963 4340 
15 8420 6695 5744 6206 7465 2305 7337 6048 4555 2930 5405 2702 4866 5630 2063 
12 9046 6740 1233 3789 7162 3482 2675 3373 3930 286 6196 4625 
3 7109 1353 4378 
9 9140 8370 3512 9625 4450 4213 6907 865 384 
11 3457 4223 3817 6638 6643 1511 5400 8631 352 8928 6235 
12 9409 7320 4935 3017 4003 2217 4605 2527 2260 3974 9054 7075 
3 3696 1537 2438 
15 1724 1323 2975 1200 2537 8682 5453 2696 2160 4331 6237 7187 8401 3782 6880 
5 1005 2788 3381 7344 8064 
10 2519 9267 318 1863 645 300 3227 9741 536 8307 
4 3167 3444 4107 3539 
10 1664 2748 6053 1223 9680 3885 6438 519 3476 8721 
10 3253 3375 9743 3054 4021 1613 2360 8956 2352 8661 
5 3147 1530 2565 4806 4055 
11 1335 326 6818 2250 559 8652 2543 6243 1197 6800 5353 
10 2465 608 47 9002 7386 6989 5382 4907 3278 1420 
11 9216 2313 9020 9965 2603 6984 6526 3530 189 2482 7262 
14 4536 7156 3384 1142 9104 3022 9065 7916 9151 4834 3621 2397 1598 6779 
13 9675 1605 8548 3426 267 6648 9564 2979 9440 1391 7176 6681 3959 
5 4679 6742 1532 9328 2808 
13 3149 7230 6164 4349 4141 4024 2771 4256 379 1338 9482 857 6726 
5 7119 4467 6480 8026 2931 
10 8489 7198 8518 1587 9897 4227 584 8638 5725 9534 
5 375 499 4862 8109 7672 
13 297 5721 8915 1272 6538 3636 9242 7425 3785 5031 1504 1679 8460 
12 3281 6110 3849 7580 5816 8791 6825 3439 9388 4117 402 4263 
16 920 4428 5654 2401 9105 6856 8128 6216 7548 7856 5457 8617 2415 4714 8099 5073 
12 3005 9985 7086 7190 5135 4990 2386 867 8075 1716 6134 2370 
14 7040 7129 2422 6003 5663 2686 422 9364 5193 8869 1179 2023 7414 5556 
11 61 8459 720 3739 7994 9858 4858 2867 2122 6808 4486 
9 3655 6741 409 8348 6222 353 799 4802 3610 
5 7929 1973 166 7407 2452 
14 423 9246 1121 482 7243 1372 5240 7698 354 4709 7445 8820 2766 736 
11 6900 1113 8254 4613 8187 2434 6132 8990 636 292 8741 
11 2531 222 1421 1550 6966 5409 7933 3735 9073 890 1071 
12 3442 8536 506 9135 4966 9234 4130 4552 5070 7370 5708 2945 
13 6694 4511 9636 8614 9538 6009 2187 6476 5792 4353 1008 3752 6728 
14 6044 8073 8157 2497 6503 1667 3082 141 7633 8780 9526 5074 9724 4768 
10 4078 3083 1685 5287 3513 3952 542 8288 9584 7006 
13 7293 7114 8021 7372 8868 9130 2776 8523 2406 462 4249 4314 5247 
13 2828 2020 9495 168 7172 5917 4485 9381 1211 9652 9701 3496 6240 
11 1269 1528 5043 9177 1937 8984 4871 7915 3314 808 8126 
12 3030 8774 5636 1904 8856 2060 552 5124 5951 8028 7727 8911 
2 8670 1631 
15 580 3891 554 3462 7000 4409 5799 8176 4798 2924 3247 9822 1930 272 4669 
11 6502 961 2123 8310 7364 5088 81 883 1048 3765 9479 
12 268 8848 5285 6475 2425 2781 8167 156 7629 524 8244 5278 
11 9411 3575 8792 498 1 1441 9232 4944 2972 777 3282 
13 1040 7319 8285 3319 1835 9035 4477 7576 4800 1069 9074 1924 7547 
10 5868 4657 8445 6380 6719 3531 425 5221 5211 9994 
12 9090 5875 4661 5017 2856 8989 4065 5238 7048 9837 8530 7462 
12 2432 442 4920 7662 6652 7642 6359 9641 1429 2206 8494 3039 
9 2316 789 8203 9575 5012 6985 5050 4070 4211 
11 5970 9813 9926 5182 3740 376 6484 4623 544 1638 9085 
6 4644 4782 4617 2343 4561 4357 
9 474 3966 4101 4007 9678 3117 2362 4588 6103 
9 1515 8464 9712 3477 3205 3434 6121 8659 2125 
5 7861 4575 8835 4011 3842 
4 1105 9497 5608 9998 
3 3708 9685 5670 
9 3307 6851 3510 7874 4869 4652 348 1023 5610 
3 5445 8967 9655 
9 4059 2738 3989 4008 674 7503 9082 1960 2137 
10 7401 9864 3199 921 7309 7984 6746 4293 1264 9006 
11 9976 9744 3453 6280 6784 9101 6331 8407 7415 3173 4533 
5 477 3067 6916 7883 5091 
4 4495 9996 5983 7697 
11 700 2690 5955 4137 1365 709 9952 4638 2393 9420 866 
12 6662 1090 8902 2056 5601 4403 444 6491 5009 2547 30 9908 
2 1135 5422 
6 9283 7180 6786 5425 9954 8500 
6 1560 3490 9179 3435 8719 7872 
11 9305 9503 6220 4959 8030 8595 1942 715 8413 9438 2359 
11 3276 1773 6804 825 3114 5291 853 97 1297 6751 2636 
9 9514 2523 5769 9731 2453 8610 1820 7542 3948 
4 8184 9182 8952 9607 
6 9325 7082 9806 9252 1325 4096 
13 5235 6849 7648 6307 2112 241 9737 2355 6081 9288 9077 3751 4086 
15 7810 9402 3317 2904 9705 2261 4481 1487 2044 2240 8018 121 1193 1392 1317 
10 29 5335 6446 8421 704 8737 5603 2095 3146 2424 
15 5161 9087 5369 8346 5777 7792 8995 2900 9276 9561 7169 711 2164 5394 4893 
12 8728 2559 4794 7446 6749 3615 9202 3102 7555 8486 5451 6238 
2 8890 7761 
12 6663 8302 3976 209 210 6182 5815 3165 2966 5021 5878 4701 
6 7862 3605 5847 1476 671 8764 
14 9670 4437 3068 655 3875 2982 9832 6871 1968 5426 3909 3466 9167 1819 
12 3245 8020 9385 5602 208 8665 7762 9566 7271 2568 2086 7178 
13 3294 3170 4421 4826 1386 7579 1281 9742 3261 5995 9553 9441 670 
13 7561 3830 2167 611 8367 6896 3098 4327 3675 6367 1364 1393 2034 
2 2418 9604 
13 4098 2942 4056 8786 1997 483 9751 595 1109 7679 118 7793 5155 
9 9084 9735 6034 5169 2810 5550 1947 8843 6406 
2 6321 135 
14 1838 5358 4184 839 1777 4396 6584 8403 7816 5260 3798 138 8662 8218 
7 6269 2791 3024 3947 9297 7499 2053 
4 3025 3608 660 9240 
3 4586 5480 930 
7 2008 699 7355 5628 7822 1787 6231 
8 6649 4208 4630 4048 8742 6179 215 2933 
13 1407 7104 5006 8784 8146 5511 9190 2180 1676 2075 5356 387 5026 
4 6031 7663 8339 4916 
8 1883 8711 9116 969 6268 2921 1639 9230 
11 1512 9191 9733 6634 146 1294 7171 7456 5764 4496 4472 
12 696 3104 615 7277 5433 5082 120 7466 9248 6218 6868 7755 
11 1194 1564 7442 1693 9761 8761 3099 1872 6930 2248 7620 
6 3156 6942 6474 6729 4063 8303 
9 1866 9274 2657 718 6058 6952 9228 8324 2863 
12 622 8262 2198 9289 3879 2585 7811 1098 5915 8033 9687 2621 
5 4071 7428 1010 9045 7444 
11 4090 5711 8368 1355 4713 7746 2790 7764 7794 938 912 
12 567 726 9974 7430 1580 3807 6647 9062 7604 8798 6056 6684 
14 2507 2006 5890 3105 5621 1245 8112 7777 7941 1523 6593 7903 2057 936 
2 9121 871 
14 6277 55 2455 8823 3616 982 8504 5724 3326 8300 5310 4965 2065 6883 
4 5649 6293 697 2037 
3 9913 9207 7566 
14 3236 5727 6239 7255 9345 8831 4749 7043 2753 5298 5033 7474 2040 3592 
5 6901 1208 1331 2179 8540 
13 5324 2714 2711 6265 4285 1508 4615 1152 7808 7769 9031 3811 9659 
5 7657 5562 1886 1709 6619 
14 6654 3596 8715 9543 1326 3542 4659 7665 9846 2045 2330 6757 6905 9155 
8 1414 606 5860 4123 5087 6094 137 8125 
5 563 5352 4302 1875 1688 
11 1209 4255 3938 6141 9138 8695 7837 377 7691 8159 7142 
13 5018 8274 9830 9947 8419 1102 7245 7730 3532 8800 7498 3851 2769 
7 8708 902 6125 7463 3157 1791 1946 
12 9901 8698 1852 6669 6021 9464 3778 7134 2477 4236 9881 5039 
8 1332 6199 5049 4815 8772 7494 1319 6178 
11 3168 3640 4200 1030 3833 6173 6762 8506 9264 2693 8428 
3 8965 8546 9826 
8 4435 3783 8194 7135 9836 6248 8237 6775 
12 3090 2538 3773 6473 172 4297 572 7448 5557 3624 6106 3963 
13 4058 4537 8448 596 9620 9949 8671 5695 5116 5910 516 8746 7796 
12 2135 6409 7683 6523 161 6407 1081 9284 7532 2898 2846 8807 
8 7028 7612 9920 2780 3680 1046 3729 3085 
9 6822 7379 9450 2304 1311 6630 9639 5534 6866 
13 7435 3990 9011 8059 3663 6814 767 6082 2515 7564 716 5569 5519 
11 3667 9473 4170 206 6029 7085 4028 6402 2171 244 2541 
11 2061 8435 7546 8713 3594 8173 7118 5809 7873 7894 9157 
4 7952 5332 9144 9056 
5 1097 7347 1232 4787 490 
14 445 5990 277 565 1252 2323 9923 8151 4371 9027 4989 833 7045 4470 
8 8962 7357 7638 8554 5156 8425 1725 7613 
11 113 2426 1054 4233 3191 8937 907 8245 7724 6345 8136 
12 7864 1406 3430 9757 6498 6023 7535 1189 2556 599 1096 6680 
14 6831 7704 7768 9640 3554 6356 7246 85 1422 1943 1220 5064 5959 793 
11 5440 4507 9613 3493 7096 2076 7693 6902 9980 5372 8017 
7 3249 9463 8979 3602 5477 3936 7805 
13 5341 157 271 7631 5712 849 2033 7276 8970 4819 5782 9624 2154 
2 8773 6425 
8 1815 5808 5487 5954 7226 8768 6689 2104 
3 9581 5991 177 
13 6794 1674 5507 1986 4020 7152 5241 9265 2505 6188 4433 9789 235 
11 3855 2536 1251 4761 7668 3232 9833 2115 4653 2927 5768 
4 3869 69 2212 4775 
14 5885 6752 730 3544 9562 4587 9037 127 4384 6283 1459 2174 1541 1656 
9 6965 3138 5699 417 1111 6969 7239 1630 8627 
11 3692 8566 9874 5957 8796 753 2654 7387 4971 1994 5041 
7 7140 8736 8892 6547 6119 7284 7817 
13 6633 583 513 3541 3816 9871 4957 3370 6512 7191 5914 7078 6389 
12 6913 3424 3632 656 6537 2578 8101 7513 5564 5567 6910 7865 
12 1228 1588 7373 1755 6101 9466 8263 8686 6156 9911 7726 8963 
12 8086 6924 457 95 3420 8035 646 7988 659 7234 6566 6793 
7 7687 8699 3564 7196 225 1143 2635 
11 6139 5359 8207 933 4035 4017 2602 4776 7339 9882 7806 
7 8758 448 374 8996 9729 4892 1736 
13 3555 8458 9666 9382 2338 5656 1079 3190 494 7457 230 1292 9221 
2 2176 2817 
3 6039 3565 1448 
4 6541 6879 3315 4473 
5 2356 2963 2570 5371 8645 
10 9847 2649 9524 2105 46 2291 4270 2054 7080 2796 
12 489 8290 3092 7787 9341 9068 4503 105 4105 193 6915 1464 
11 8950 3411 6550 3116 8037 6172 2290 7569 3421 929 4343 
11 3540 2520 3129 4346 2937 6133 7010 74 1016 52 5527 
9 4758 945 6455 1221 2920 8827 8296 365 9368 
6 6724 1803 8042 6727 4699 3750 
9 3333 9393 3036 7092 8379 5279 1660 2025 1612 
4 3580 9698 1381 7592 
12 6189 3311 6327 4558 9492 6123 5838 4872 4347 2885 4559 4550 
11 4839 3910 975 2896 2464 4639 7558 7812 8945 396 8027 
14 117 4873 9768 4164 9078 9286 9795 5678 5674 1453 4636 6344 4224 880 
12 8292 6836 9549 9164 8155 2207 9570 6657 1458 1299 163 3127 
8 8840 5517 9815 6392 3051 8298 4664 8968 
15 219 4260 7224 8382 2440 9805 330 9209 6967 7278 2797 9424 8505 7508 3854 
12 1170 4387 200 4863 9654 1913 6639 3669 294 7516 9195 3079 
13 6843 5858 6245 8093 9738 633 5866 5579 4274 3228 4498 2264 7689 
13 6160 4648 1804 854 5263 7912 3290 3418 9357 3648 9238 1198 7866 
12 24 3758 6255 4733 3537 5228 2732 7282 876 8809 9849 8366 
3 3409 1192 6703 
7 5902 8783 2436 4080 7554 7174 8306 
12 4150 1635 9316 5213 6922 8219 6615 8854 3169 2706 2292 1785 
7 9449 7870 9809 2525 4206 4939 1934 
10 7928 439 4666 3502 5837 9948 9132 9408 3133 5818 
14 8406 1651 874 951 8085 7492 92 2653 2394 7216 6587 3829 408 8819 
8 8204 4601 4595 8555 4696 649 4109 484 
6 2941 4583 1593 6780 1843 476 
3 8189 5572 9927 
10 7399 1729 9681 5375 6805 5045 1257 6426 4773 1911 
9 2949 4686 9557 4764 6597 7150 3394 281 4675 
12 1138 3951 5920 1460 7847 380 6971 821 6882 7770 6674 6036 
10 1794 5710 8224 9109 9576 9972 6279 397 6416 698 
6 6670 3263 5668 2041 1529 4050 
13 8520 5856 3779 3585 8653 6398 8273 1746 1864 1644 5526 3986 8511 
11 187 6192 9631 5626 1634 7882 7643 6163 847 2374 2309 
8 9523 394 5881 7249 601 7382 908 2288 
6 8703 9137 7779 6261 8895 2841 
9 5086 5387 3029 248 4742 8493 5684 9611 2417 
6 2695 1792 9696 3038 1146 1896 
9 3371 6002 4585 3993 3940 9505 2270 1891 7998 
10 1757 1313 5719 9314 1845 7263 7315 5008 1282 7940 
10 8675 1609 9852 5466 1908 9579 3393 4147 4114 3285 
14 5300 9851 5748 1655 35 9477 6842 6399 629 9928 3896 9632 3874 1428 
9 9820 7210 3334 4404 3220 6244 6066 8851 6493 
13 7141 7889 2143 493 5347 1430 1215 7595 4497 9272 6850 3710 3846 
12 5227 2357 5500 9030 6340 4643 6247 4724 7971 5323 3799 3070 
7 8640 780 3906 9375 8094 3839 9346 
6 9003 530 5554 7102 9483 7715 
2 3321 3124 
4 549 1955 8192 8164 
11 1978 965 8559 5650 6078 617 2404 1160 249 7167 953 
1 7013 
12 2247 1276 1723 2577 7438 91 9900 8782 2558 6999 9859 7194 
13 5381 9052 3865 3603 6430 7922 9158 1738 1859 4969 5452 8051 1461 
12 2883 6004 4088 8747 4544 1902 9645 6716 1595 6297 8533 21 
6 2869 864 7666 9251 6672 9299 
6 2944 5307 6305 3122 8585 3230 
4 7913 5112 1561 1715 
3 6252 7232 6157 
12 2917 6304 2566 6718 4973 3414 3468 553 3258 5099 3673 4453 
7 8271 5698 9869 6069 2651 7323 3760 
7 8787 8209 661 5295 1949 7684 485 
5 7849 3651 873 9273 7754 
8 1273 8978 211 6570 1168 8014 6885 6391 
9 5934 1734 9469 199 3325 4607 2320 4867 586 
6 1867 315 4502 4228 7464 9075 
11 7956 98 4940 6336 2673 1862 5014 9028 8953 9823 6211 
7 8179 6068 4196 4717 7479 3905 3308 
14 7957 9626 4624 3050 6352 5234 4645 8876 7745 3904 7907 1710 7924 9001 
10 3055 2495 2235 32 9527 1369 252 1521 2035 2412 
9 8587 3257 7475 5576 949 5632 3754 6909 7680 
4 4309 3362 3338 3757 
11 9707 8410 1500 7710 5036 3970 4792 7066 3155 1979 8097 
15 1993 9347 1689 4720 4938 8955 8642 9475 2802 1985 3623 1912 7573 130 3075 
5 1447 6884 8309 3614 4703 
11 2233 1860 7248 4705 1977 5690 9684 9156 7778 7334 4856 
14 2296 9405 6361 5716 9353 6454 832 6270 6062 8485 2121 9844 7301 8904 
13 4637 9544 481 8803 8110 2613 6422 8860 1475 1309 5123 403 3561 
13 1492 2915 3991 57 9819 8191 2665 5962 1455 1259 9950 3211 2804 
8 5402 7993 4352 4953 4441 5514 1104 3597 
10 713 1995 3200 2132 7208 7901 1346 9070 5060 1810 
8 4214 6168 7188 7876 1527 2181 2784 872 
9 6745 1240 8353 5170 6374 459 4828 7501 350 
11 3607 5887 2382 922 4854 2385 1062 3981 5219 4634 7987 
12 3527 7451 4910 428 7737 4291 1884 4786 9159 3465 8214 2760 
10 4494 782 381 5187 5620 4986 2984 514 2110 1489 
12 6607 8328 4875 2934 1175 9100 2661 643 934 3946 1348 3570 
7 9166 7108 3058 6098 6865 8560 2229 
4 9935 6735 2074 8071 
2 6404 7325 
15 8932 4894 7020 5189 9633 9634 3112 9610 529 708 9539 8220 508 1004 3450 
5 2015 2999 5001 6386 8926 
4 8578 3026 1166 538 
12 1833 1625 5120 5158 5751 3215 1182 6956 2314 9478 993 6223 
12 8477 2838 4084 4153 6739 4704 9392 691 4278 9896 8312 5635 
11 7229 3572 5541 6710 2442 761 4171 3949 8272 9812 7453 
12 5615 4885 2742 5540 3566 1474 1509 8243 64 2107 6925 4824 
12 6381 7117 8574 332 6563 9537 6346 2652 2395 2220 6904 3509 
8 8149 6658 8447 9890 7097 823 8412 1246 
5 666 507 4857 2958 8550 
7 6456 1100 3821 4225 3193 8973 4734 
9 5245 5771 5892 607 2857 7274 6333 5101 319 
2 7716 3784 
5 88 2230 41 1518 8088 
10 768 5212 5107 2741 9165 1436 1700 8687 1330 7659 
5 6815 1778 6313 897 3761 
12 3918 9406 9412 5282 6567 7628 2919 8228 3524 254 7143 2246 
10 84 6413 164 3721 9889 8378 115 7275 4594 3372 
12 6807 9595 2782 1628 2409 657 5701 4089 9516 6582 4062 1368 
13 4066 1637 4112 3073 1503 7471 9180 7732 8909 886 2680 8103 6253 
12 4984 9627 7574 5686 1201 8795 8615 1181 2377 454 4784 5301 
13 8102 2293 2973 2518 7690 7034 3818 4593 6946 8257 2043 3997 2901 
3 7088 7575 9458 
6 2324 2106 3291 9429 1531 2874 
12 585 817 4635 7236 8766 4602 895 6024 6274 388 1790 275 
10 3549 400 6202 7557 6076 7477 8694 6197 7361 9322 
12 4842 4706 328 273 4376 2731 66 4366 6737 6962 3694 819 
11 3008 7314 5732 5627 475 1239 9964 5899 3843 1417 3271 
2 2278 3358 
9 6706 9255 435 9702 4372 9262 4930 2954 23 
5 5971 4781 9306 1524 306 
4 311 6809 4924 7392 
1 2384 
11 6228 1013 9845 640 5303 7759 2209 3685 4884 5700 3031 
10 6412 6128 846 2997 6272 9481 5861 4584 1752 9324 
3 2986 9128 3202 
9 2166 1177 6316 8079 9171 6618 843 4159 8416 
3 3578 7567 2468 
13 5406 7512 7927 7637 3475 5662 531 9647 1412 5835 2156 1692 2645 
10 7186 6135 8277 8198 3717 2967 2754 9410 3364 4838 
12 4687 6747 2511 8040 8133 9512 8529 159 5994 6460 2612 7222 
9 2720 8426 6200 1963 7211 9617 4326 4355 4528 
13 3743 2429 2928 9559 4410 8681 3701 3802 6251 9975 1480 5941 5329 
8 6198 3329 4836 4205 546 3429 8373 1603 
11 957 8376 8213 5377 2825 3786 578 9496 2192 987 1389 
10 7711 1305 2216 5539 7785 8882 8938 5679 5076 8160 
5 1879 1002 986 6161 6319 
4 8329 7677 8588 4411 
10 8342 3160 150 2717 7840 175 3901 4244 8691 7949 
11 7877 2079 6155 8434 856 9419 2473 4744 9912 4937 3210 
11 9313 5214 989 9071 3057 8116 2011 6659 5879 3862 3432 
12 6529 3148 372 6536 2916 2059 5830 6698 8998 5770 9268 4921 
12 5218 8739 3403 2783 7312 5054 6927 1565 9962 7014 4046 8491 
2 1227 7948 
10 1315 533 266 5267 5660 2368 5160 4163 5105 8743 
3 4829 2000 7926 
6 6263 3396 4202 3583 2751 3657 
9 7070 4307 802 2639 5593 4344 2842 3691 6114 
9 4525 6875 6012 7685 8188 39 2875 5933 8562 
12 5717 5516 3915 4245 4318 1762 775 4045 2969 4677 2048 6443 
3 610 1438 2736 
12 9979 8557 4455 4154 6000 4658 4139 4880 3451 4195 7316 7488 
2 3647 7534 
12 6656 3197 2026 5089 8816 9511 313 3345 5844 5967 8316 1539 
3 719 1686 4074 
3 672 1363 1399 
12 734 8629 8832 2399 977 6886 1352 3759 2275 4397 1643 5566 
3 9679 6150 2718 
11 3988 3826 4194 4673 4250 984 9134 2480 1302 2467 8760 
6 8564 7553 1267 7975 9925 8981 
6 9619 1218 7602 9018 415 9763 
10 5192 6765 3921 2470 8259 3181 2388 8038 3231 8004 
8 303 284 4629 1263 1110 2809 4532 4722 
11 8175 7406 4299 497 4914 9981 9394 5803 8542 7197 9628 
9 2912 5491 6410 935 3433 5952 8667 9089 4019 
7 7709 9452 6208 7434 5766 5366 9044 
5 3629 3866 9349 990 3007 
12 9752 8440 6186 3398 7692 8785 2640 1768 5713 2948 7830 9143 
13 7318 5304 5237 9556 4546 511 4493 1553 4398 8062 9817 4449 9208 
11 5343 8323 128 3557 7686 3732 4913 1443 9612 1433 862 
13 3410 7329 5829 290 5783 3366 9127 1745 826 3609 147 4113 5062 
4 8878 6357 1051 1466 
10 7429 502 3445 378 7256 9263 2072 7562 8987 2600 
3 1178 2119 2607 
6 5693 950 1647 9842 5622 9249 
1 3654 
14 1384 8158 3461 1869 9804 2952 2831 6589 2667 2108 4895 4853 2989 8148 
8 7640 627 4143 3066 4405 5069 8190 4006 
5 4475 5510 368 9199 2977 
11 2774 5746 1959 5757 1684 2178 7636 4119 461 2315 285 
8 4877 892 6951 9586 2333 9118 881 5553 
1 7468 
11 9291 6783 5779 2799 7203 7411 6013 8058 6932 1045 1203 
14 1776 9691 5090 9254 6771 4656 100 751 2126 1846 6832 3895 3505 8446 
7 7455 3579 2512 5424 1496 952 9019 
8 3697 1024 9282 4980 1186 5495 7019 9186 
12 7064 7891 2539 3666 1910 3194 7041 1494 4888 967 2648 8871 
8 4379 8940 2551 1169 178 40 5619 2557 
1 8227 
3 2571 364 8597 
5 9563 1206 4099 8603 6683 
2 6424 9459 
3 3049 4693 6377 
10 5598 5393 1970 5756 7253 5913 4415 7829 8864 2052 
1 7227 
8 1992 8462 9657 6601 8951 3775 5437 5903 
10 2327 8055 6159 2881 1601 2787 7682 4300 382 5441 
11 1735 3103 4848 4882 1627 7209 5853 4400 369 7037 1855 
10 7799 2641 6756 3239 152 9457 5344 7113 6067 4301 
4 190 658 7804 6744 
11 3693 3601 9485 2992 7193 9033 7342 2173 7081 8510 2346 
13 2589 7585 212 9951 4029 9710 3958 4034 3793 3203 7515 5465 4796 
2 6403 2591 
9 568 5351 9872 2852 1415 7103 3305 5709 8788 
8 5299 1640 6645 8609 5374 9133 8804 1159 
10 4788 2335 8351 7867 7934 2981 7068 3731 4406 6146 
3 9550 4618 4009 
6 1563 6903 4879 2407 5481 1061 
9 8395 1784 8586 5025 4482 8034 4855 8857 3977 
15 6485 9649 7287 2118 4830 8575 1324 9546 1250 1583 2128 4247 1248 9592 3293 
13 9187 541 8573 2031 2140 1733 2745 3746 3867 979 3469 7749 3661 
9 4948 7884 8806 7729 5702 8266 1589 7145 6591 
9 1888 2899 4414 2642 2036 1222 233 458 9358 
5 2735 7346 5428 2626 8400 
