30 9890 1568 9038 8134 6474 6516 408 9745 194 7610 4941 1867 4689 9769 7859 982 4240 2070 7285 8 9373 7451 7445 932 4908 6222 8516 8596 4685 9802 
30 5500 23 9202 6234 9139 6242 792 6036 9044 1089 991 6651 3435 6082 125 522 4839 6977 9999 4868 1823 672 6122 3739 312 4042 6203 3083 1473 3285 
27 8424 4796 5966 2037 2126 4788 2738 2194 7671 8258 2943 2020 7663 5067 2060 5026 302 8921 1426 2641 1529 7897 8343 6169 5667 4135 9827 
26 4891 5535 6796 2293 4867 3091 3858 4190 2511 6531 9575 778 6368 4090 2540 8860 1156 8839 9965 7140 8323 7647 5926 6161 2786 1637 
27 9714 7047 2793 1205 9219 6379 1770 4348 7390 8074 7407 9857 6085 3095 6716 4312 4800 1910 6803 6031 3613 2302 5560 8002 6008 7270 3876 
25 3448 9538 9568 1175 1260 7016 9955 6369 1777 565 5781 301 5063 1135 2951 8196 3473 9085 7211 6080 4320 7192 3979 3872 9109 
28 2870 4671 4568 9131 2965 2801 7988 8076 4799 2538 1647 2946 1483 3609 5827 255 9998 4513 4142 9062 5011 6899 8241 4580 1022 6633 9296 2565 
28 2996 7566 1556 8745 8237 8651 1222 9762 1219 7743 2055 1630 5689 3390 2730 7587 1598 6326 801 2259 549 748 7665 459 1978 1361 953 8180 
29 8995 8669 8835 6871 2350 1890 8549 2295 1238 6559 4370 3908 8859 4179 376 1726 7778 1645 6054 6349 7017 8922 8433 1800 5430 5780 9094 3913 233 
30 2648 6982 7704 2069 9592 779 7430 393 5759 6944 9339 7268 4153 8552 5428 8255 8135 2466 4482 5131 3428 6219 8361 988 5649 2046 2275 2999 4832 2678 
29 9211 275 9635 5128 6237 8108 2106 6866 2843 3105 3035 2184 8332 5152 6147 815 9810 1117 8491 4853 6132 1979 6355 5234 37 2885 9030 7004 8351 
30 8184 9136 34 9797 4966 8277 8754 1322 4758 6331 3565 3280 7753 2389 8094 8814 2939 1114 1047 461 9730 1084 2958 7954 8474 6659 1396 5960 9410 2367 
26 5371 9243 8128 3698 906 3275 2622 4828 2064 1304 8013 8296 6025 6060 4723 5546 6714 1450 5641 1843 8531 2978 4008 4973 9505 1665 
28 929 3929 5934 69 9515 1740 7691 1932 3192 9733 7190 4440 7596 9081 8871 2757 9295 4498 7762 7067 5203 7658 7490 2264 7478 5712 4345 4747 
30 138 4989 1842 7042 6620 7575 8937 8831 1194 8025 5175 3392 5106 115 2645 2369 9400 9587 8230 5893 7904 8382 9364 1546 7644 4411 6377 696 7655 1993 
28 1048 1893 8400 2755 4005 9121 7896 1485 3212 452 8191 4402 4417 2549 4955 4470 2319 7127 9807 8930 8676 7567 2294 6907 8559 6184 4339 8114 
26 6975 523 7458 7650 9147 9315 8793 8588 9420 3892 2656 7792 3461 8990 618 4812 4987 1159 1041 4176 7602 79 6988 2616 9580 5273 
27 3153 5113 7191 2747 3318 2242 8553 5278 8689 4290 4428 5367 5230 7853 7795 583 7570 6875 104 7113 4462 113 2638 4877 2088 3589 9841 
30 5673 1125 6992 3333 8049 3050 5724 1996 8377 204 532 2610 5847 603 4633 3344 5447 5003 9922 807 8705 6913 9331 8510 4688 8376 9767 6883 4586 6546 
33 482 1846 5886 9933 1417 1390 7185 3103 2433 6328 358 4130 1920 7740 1963 214 9098 8139 444 268 2272 8208 8580 7446 1200 1362 8951 2865 6103 8522 3993 4793 7805 
27 3075 8504 7394 8324 2048 2036 9055 6522 5878 2955 6856 8350 1126 914 4883 8972 8414 8626 7325 8806 8101 9569 464 9705 491 1559 3808 
33 4398 773 1247 3339 2971 3405 5542 5188 996 1149 2937 5763 5547 8253 7213 5890 2790 5664 4617 1171 1876 5394 6512 8420 4357 5061 3397 5518 5184 9667 547 9573 283 
26 1134 1060 7183 8841 7625 610 7675 5183 1545 1643 6224 8989 9118 1453 7159 2568 716 1246 2650 9234 5892 5250 8606 8081 3931 5204 
25 4469 3181 5153 3367 6027 117 1253 4785 6590 5332 3942 9421 4700 9469 5399 7447 1087 3597 9472 9022 9082 7677 9438 2267 1793 
28 4852 4980 2554 40 4717 9416 1795 3118 6676 2435 4831 5314 9908 1402 8426 9668 1606 9426 4860 4663 5264 6926 2177 634 196 4895 6217 977 
26 1813 6683 9940 9967 4408 4553 8442 8423 619 3506 2887 5198 4779 5758 6180 8425 7350 3000 6109 7600 714 9143 3653 951 3769 2406 
28 4071 3551 3534 4803 6925 4834 3836 8320 6437 1836 4483 4857 7334 9750 8775 7276 2949 5422 1806 3485 3933 1953 6661 5629 8416 1672 6564 1235 
30 4141 6785 8017 6936 8613 5182 4677 5901 8897 1299 5105 7835 2100 8144 6763 6908 3063 7779 335 8396 2402 5458 4876 9775 9603 7220 8174 6932 3826 4184 
27 3636 8103 1140 8890 3764 555 1151 3882 1532 8318 3490 9833 877 7431 8175 6884 599 9901 3935 7391 8065 735 1786 6490 8986 5930 2155 
29 2636 8590 3579 3953 3680 3225 4089 6236 9308 7876 8815 1972 7696 6741 4258 5248 6417 6839 4441 6034 7565 5339 6101 4485 7717 3354 8891 2532 5044 
32 7584 8948 1822 9258 8368 6099 4809 9990 2892 4559 1233 7082 6354 5852 710 580 6453 4043 4261 9985 8817 7945 6290 6799 1790 2691 3168 5372 2594 1954 212 6511 
29 5030 816 5984 2916 5181 208 4313 2410 550 9690 1861 7432 8115 3700 234 1927 8401 7248 5640 5920 3564 142 2443 4366 44 2308 4518 8945 1773 
26 445 4303 3772 2858 2135 8726 7960 4193 2280 2897 7459 2903 1063 6350 5040 8171 1291 6020 7226 3115 8075 2751 7810 1655 4714 9510 
27 4804 3288 5324 4099 7383 7286 5857 8920 793 9889 8760 5533 683 6399 5072 1887 2307 3433 9237 7547 1534 2503 7998 1470 1428 9731 5470 
27 42 4507 7742 4629 4181 5580 6686 1821 597 7450 6191 8821 2977 5330 2671 1535 6396 1073 8869 1284 1703 5437 6702 9878 127 2306 4235 
28 5262 256 4957 5680 9097 489 7347 7592 4432 7336 5000 1144 7620 2220 3786 7126 8200 3890 8537 6685 6529 2277 9715 3706 9759 638 3664 5513 
29 3233 8394 7529 874 1745 6520 221 2868 9725 425 4527 7925 7068 9249 9365 8378 6380 8614 9262 1656 4301 4203 9605 823 455 621 5256 5621 8879 
29 9282 9942 49 8204 4903 9184 6547 5523 5055 8067 5289 4081 9902 9616 1391 2660 8199 8161 1090 9132 6592 8905 6541 5101 218 2718 3734 2349 4915 
27 2995 474 1038 6935 1080 9263 35 7117 8458 8652 2474 2316 6006 6048 5880 4534 2460 1400 3475 4528 267 3947 7505 5275 2008 1739 6179 
31 2209 1271 2649 3659 7707 4910 9761 4887 5167 6744 5748 5343 2320 4504 1389 394 2944 3514 9232 6376 505 3615 2515 2081 8342 6909 1209 5471 8228 7697 9558 
27 602 1896 1751 61 6351 7679 6299 7392 3341 8486 7135 4064 3127 844 367 8087 6387 8113 8767 2222 9399 372 7457 2627 852 7654 9941 
28 6197 9213 552 3746 9752 1203 7393 6630 8917 9127 4515 3449 1892 8732 2692 6725 6789 4854 668 9259 5589 3135 856 4666 7214 4674 4866 9770 
28 4052 8227 1590 4046 5868 2468 541 4953 4264 6609 3298 116 1046 8578 2219 8758 3432 8082 3880 5605 5414 8738 8179 2104 2938 5548 8784 4871 
26 395 6597 9251 60 684 8494 3420 7046 6185 1557 8106 6829 2761 7557 2278 650 19 2361 5743 3309 298 5158 6832 4682 4548 9015 
33 746 5557 5209 1520 4476 2166 949 4673 8463 1797 5222 4782 8939 3584 5427 7114 7033 6075 2889 263 3884 3031 9239 1384 160 7306 6717 5650 5609 6332 4707 6133 470 
32 2038 7545 7015 3643 968 9899 6255 6794 3272 8517 4263 6344 5297 8857 1742 1929 4862 1830 7556 5531 5098 4572 5194 2880 921 5358 1841 2398 7280 7951 1027 2630 
27 4581 8152 350 4976 5348 9395 5496 6233 5192 798 4295 5909 7088 3211 494 2763 4738 923 2598 6984 9298 9682 5776 978 891 8187 4956 
27 7782 2765 1348 6623 6284 6554 6221 2680 5502 1872 5983 1880 4835 5306 2546 8373 3820 5672 8795 9357 3980 876 7440 2095 8164 5507 7854 
30 6808 4922 4807 4870 3867 7295 4718 9961 1433 9442 2230 5584 6997 9007 6114 9763 4761 5775 9021 6739 591 9000 6855 1586 2282 5402 7617 7789 4502 2157 
30 2182 6888 4937 9669 4250 4948 6446 2281 1118 3364 584 9228 8390 6544 9177 4365 4113 9297 3824 3222 8997 3550 8473 5089 3002 6289 4196 4981 8978 9556 
26 9141 8166 1756 629 740 2331 7755 1193 5045 1908 3314 1056 3441 5842 8982 5357 72 260 2240 963 8706 9924 8197 3607 2431 124 
28 7148 3505 9732 7543 6504 2346 3619 6389 9437 9327 5964 3356 2743 30 2387 52 3329 5616 8340 9402 9374 2072 7713 7738 3311 6762 2099 4789 
29 207 5467 9075 5345 5855 7147 53 385 5396 2601 1519 1290 5124 4696 3778 5379 9292 407 5806 3056 4786 7599 6852 8632 640 7788 3962 3468 362 
27 78 7229 330 5895 1961 319 6361 9314 51 6893 1034 1847 3271 1713 9066 3193 5816 6087 8662 6934 8508 2905 7601 5261 2942 836 5681 
29 3873 314 7871 2228 8193 7381 1593 7054 4025 9499 5121 8505 8801 4825 1176 2165 2617 8550 5746 8702 2726 3900 3750 2285 442 7107 7089 1211 8307 
30 666 3235 5908 9224 4249 167 7338 5439 9885 9375 6862 2412 1303 1744 9552 4109 5187 4244 8186 1850 8069 3307 1031 1878 6818 882 1607 2249 537 4901 
28 7822 9117 5077 422 3851 975 190 8316 620 7727 1589 9250 729 9931 8597 9323 1632 3088 5853 2449 7434 8287 1017 5521 2311 2345 6947 7049 
30 4107 8406 4170 9930 3295 2752 1659 6618 173 252 3166 360 9502 2699 5451 7043 3801 5270 14 2972 1941 2164 4879 4725 4253 9225 7520 6761 6074 9860 
26 9284 7216 8903 5112 3126 6278 473 7981 1427 3742 7672 5281 9287 965 6968 8587 5927 3357 4308 9859 5719 1957 5805 9927 5375 6810 
31 3860 27 4543 2399 7020 1554 1985 8711 1804 6295 1020 5440 9855 71 1952 8140 6545 3571 3885 6734 2023 7535 5363 5765 4993 7119 9112 2834 7371 2456 6537 
27 9049 377 5245 5553 1499 5244 6452 771 8914 9006 5904 9545 6178 7809 8475 5646 6323 9471 3852 1273 2787 5872 8811 1305 2706 1540 7533 
26 3491 7030 446 1422 4636 4495 9585 6286 5862 1883 9548 3174 2724 1885 1137 9050 6315 6678 6568 4075 4705 1812 7090 451 764 4605 
29 1109 6897 4392 271 16 421 443 2439 800 3487 4293 1172 2900 4546 5716 5378 5539 884 2026 4991 9199 7497 5576 898 814 6358 9164 1503 4771 
25 8980 8513 1614 1239 9489 8328 9808 1693 5603 4383 7157 4448 4230 8295 9169 2321 2022 8612 7293 9468 7360 6943 3092 5970 7153 
24 1572 5944 2586 6421 8933 2450 6874 3500 9093 9815 7345 907 1314 7725 7564 4106 8684 9711 1514 3374 4907 9679 2907 5284 
27 3581 8725 5564 8829 3716 6622 9943 6979 5369 2061 7670 9029 7701 3446 6338 3639 3125 6083 5034 6196 296 7048 3493 1227 2716 2556 7577 
30 9194 4754 9699 1926 1907 5744 43 1603 8988 4201 310 8666 1094 6072 3400 4522 1195 5773 4187 774 1510 8209 8010 3224 8058 6709 8895 7966 1678 1099 
29 3423 4805 3471 4239 3373 5251 6580 7349 9393 6277 9720 5169 7830 8639 2428 7013 9409 8480 3737 3342 118 8359 5558 7486 4490 8750 8317 7422 7540 
22 3425 1704 9606 3291 9856 2771 2846 9482 4376 9736 6166 9483 9560 2407 9709 6394 6019 6723 9686 859 7804 3188 
28 7277 4338 6459 6876 7087 3348 6854 2318 8466 9839 1395 4823 8752 5027 7124 2256 8029 8984 8822 1775 1107 7197 2250 4297 501 6755 6149 1864 
27 3766 5008 5213 7230 1210 8526 5010 8840 995 3315 5395 2314 863 2970 5982 4059 5389 4911 1757 5871 6477 5792 9905 9524 1404 7741 5551 
29 2091 7639 6857 4279 3707 4082 236 956 6747 9531 790 868 9677 3310 9135 8109 4277 9312 9387 3068 8429 7083 8021 8102 9881 8736 5398 3202 3080 
25 2234 7984 7894 4710 4183 7359 8700 323 8668 8369 5811 5438 1838 3674 5242 9017 4618 1180 9333 7461 1718 4798 5734 1327 1990 
28 5482 1425 450 3149 7442 304 7158 5125 4465 8211 4929 8330 529 3807 6892 9453 6930 9630 6302 8336 4686 8405 4000 8742 889 2385 7470 2528 
26 7937 9498 9361 8949 7519 4248 1487 4472 9457 9231 2373 6510 8066 8796 7018 6530 6807 5340 8403 6549 7749 6733 2025 8110 9358 7187 
27 934 7297 5973 7698 5826 8966 590 402 8349 1602 3989 5951 2124 3686 5606 318 6802 9509 3539 4778 155 7389 783 4608 426 9003 3059 
27 577 1468 6046 3259 9027 8727 4452 7693 5403 8808 5699 1085 32 5006 4080 2231 1578 3466 8524 7530 2392 5359 3717 9347 3474 1738 8194 
29 654 5041 5127 4050 6767 7176 5201 4724 4031 8877 7958 6115 345 6757 1439 6334 6343 705 508 7550 5321 3561 7659 8747 486 4479 9916 6235 5707 
24 7643 6765 5585 9391 4221 3780 6740 1039 6225 2120 8446 3003 9716 7514 2492 4372 4982 770 7480 3510 7152 3668 8216 2611 
26 9392 7606 910 5377 4311 5144 6105 1344 2039 1423 5578 3020 7150 4288 7757 9525 9480 9083 9028 8408 6593 4360 7807 3120 5897 9192 
30 2830 2086 2241 6093 477 837 1677 6167 7111 6276 3850 1799 2416 3502 1507 1068 5479 2379 8827 7479 3189 9210 2655 1443 809 1281 8782 4698 2380 3530 
27 8450 3833 2855 1066 4777 8991 3741 8322 5568 8677 9116 3246 7099 3684 1057 5252 5123 1480 7170 162 1328 5009 6327 796 950 5410 8009 
27 6198 1512 2442 3987 3410 5318 6616 6902 6218 3675 9376 4431 384 2076 7072 989 2888 6146 4654 6528 2543 5145 9536 1877 4384 6271 3642 
29 5703 9159 4246 5528 288 5258 220 2238 2489 2132 8573 8616 8722 5450 8560 8942 2821 985 3007 9644 7874 3338 9879 6986 7287 4287 8658 5591 7568 
23 5266 6214 5462 4560 7721 5742 7468 7305 5963 781 9923 6220 5627 8034 646 864 2773 9167 4631 3014 5787 2850 8696 
31 6424 94 5149 9951 9632 5333 3757 3703 6990 2409 6750 2595 3055 228 7104 7739 5095 4492 4054 2700 8674 6525 8881 8079 9602 3081 4984 8165 3985 2444 3107 
29 8551 3503 8875 4480 9484 2101 4298 4950 8649 472 3078 9704 189 1873 278 981 4843 4645 9534 8367 9920 5891 9639 6467 828 8823 8845 9723 265 
28 1579 2496 915 7648 627 589 7028 8518 1132 7765 1837 5327 2080 782 9796 8759 7912 7578 2974 3178 9146 8962 197 4381 12 1615 2371 2296 
28 6956 4447 8434 6168 1644 7249 7870 3299 4575 3340 5749 7387 67 8842 8490 8780 514 7365 2702 1569 8467 3469 3713 6688 6783 6722 1350 6632 
32 6791 1734 2604 1410 4607 2746 2375 3745 4900 313 1045 1933 4985 4294 4813 7058 2508 5648 471 2271 2208 3217 1388 5992 5785 7073 1061 6136 9778 6823 518 2623 
34 4759 4474 8781 2042 2430 3347 8285 4642 3037 5235 5856 4281 4101 7838 6646 8601 6904 8764 8960 297 9405 4475 6127 348 853 4445 2421 1374 5702 2533 1634 9615 1315 6835 
29 3968 2335 563 9811 2664 2138 5170 6793 2707 8309 203 7071 6552 1489 2404 2759 245 4538 5154 9706 347 9479 4848 1811 7413 2105 145 6639 6301 
33 8724 9288 4390 3681 1860 5483 9073 82 2137 4096 6643 2531 901 6296 4921 1915 9309 539 5943 8221 8519 248 4159 4491 6645 7250 7055 8788 8846 6052 6029 7593 4690 
30 1999 9443 8654 4660 9042 6177 5945 4858 4550 3544 5068 3986 9089 3721 9160 2534 9707 9283 4027 4035 8973 6095 2102 4210 88 787 8061 8585 6269 9527 
26 4574 1691 7481 9382 4573 6727 7660 3532 4062 4021 2019 7692 6451 2245 6827 9005 9386 3924 3861 1277 2731 5633 1105 1991 6142 3952 
26 8172 3361 3044 4151 1562 3079 311 2919 8593 7032 5830 2984 6837 3895 4752 1043 122 7057 7034 9306 6139 7125 2448 3030 6061 4329 
27 1408 3701 5566 2966 7865 80 5301 6711 9976 1723 2923 5024 1642 7948 9547 6306 7231 7225 1296 3294 2597 8192 1958 6447 5543 5717 7911 
26 7256 625 8961 7475 7331 2147 6710 5433 5053 7812 6800 7525 9311 8111 9424 8497 1216 867 1202 5873 7228 7551 8117 3663 5836 6065 
30 9328 1339 6363 5829 706 7203 7201 1368 8812 789 1269 3743 8222 2878 5122 713 1567 7622 9717 9929 7098 2831 6116 4319 6838 7411 6415 3840 9697 5638 
27 1377 6425 6482 6102 171 147 5639 9854 7419 6918 9179 3269 3477 254 8867 3805 247 7283 6270 7548 423 6583 3459 415 2123 5365 4576 
29 8299 90 528 3201 5308 9678 3346 9622 8251 6160 8794 4565 6352 4180 9256 6100 5790 56 9624 7476 7634 2035 6370 8188 6260 8803 8582 7997 5644 
28 8404 4878 6928 4 4715 6556 1414 134 4205 1121 7401 4990 5411 3944 66 7733 2029 1733 8735 8136 1628 2732 3237 5937 4913 8298 2561 8694 
26 8595 1312 3640 653 7910 794 9415 7580 7409 8878 8604 5848 2704 1664 3605 4693 3891 9521 3230 1274 5243 2434 1543 4695 946 819 
29 9858 7720 5195 2526 4697 4567 3949 7800 720 2989 8499 2052 5282 2632 7044 8999 3602 3408 7832 8800 9269 1922 7933 9301 3219 9633 2268 1136 1298 
28 3187 8339 5914 3951 6005 1787 4722 2744 243 1980 4032 3456 6345 9666 2475 3927 8837 2420 1006 9271 9313 7452 9608 7666 1378 2571 8959 3334 
28 2823 7179 854 1152 2701 5619 141 5146 5976 4292 6033 9497 6206 2014 6433 3939 1088 7808 1652 5362 3497 9379 6273 9025 6305 5779 7722 722 
29 6781 7235 4169 8118 2384 1250 6779 5446 74 6572 1096 7275 5661 3771 9207 4213 6607 5081 1623 992 4211 6391 9198 4270 3661 8979 5729 8240 3021 
32 2922 9104 7516 9751 6322 6566 2637 7296 926 5277 1226 7108 2148 1879 5202 9570 904 7823 759 5288 7507 1026 4772 1658 5445 2427 7289 7094 9320 467 7474 6598 
24 7995 3460 7384 5263 5117 5229 5637 1525 5838 5119 1526 9871 986 9008 938 7676 1624 3296 6679 8302 2505 5054 5007 1635 
28 8044 6245 6864 8063 4655 5051 2154 4487 3648 392 6586 2116 4749 1517 3599 2110 7410 6314 1065 5788 4121 2383 4615 2501 7029 5317 7841 7471 
24 3387 7487 1779 5151 6292 2301 174 2403 6847 7122 6693 7443 406 3753 1173 4946 905 8825 8275 1086 818 427 5678 9768 
30 3123 8492 6155 5598 7482 232 964 888 9126 2735 4732 6612 6298 7298 585 5409 2462 8133 536 9875 3915 3749 9722 8965 8515 5549 2828 6442 5178 5885 
26 6950 5613 7611 5668 8471 132 3604 9619 4736 59 7873 832 231 2283 8534 8643 4846 7686 542 699 4584 6308 8953 7729 8640 6413 
29 526 1925 2152 4769 2479 2024 2840 93 7541 8528 7330 5592 1023 6367 2967 9196 4434 1351 8804 5078 1251 6801 5709 3841 4061 7164 5849 4767 9895 
27 4616 4060 5653 5997 4926 593 2218 7719 9571 9240 943 1082 5530 5064 1436 8886 6175 4614 5272 5468 935 8809 8690 5527 8225 1851 9255 
31 4078 2297 2836 9522 7552 3762 1123 73 8865 365 3489 9954 7875 3553 8448 3629 7588 9355 4549 8333 8023 7848 5463 9026 1018 5575 8712 9774 1928 1791 3517 
29 2452 5532 9492 2244 8261 4391 1133 679 4734 3777 1683 9917 6456 2998 8334 557 1866 2034 6965 7433 6894 4029 5624 7683 2862 47 7839 4635 1766 
24 4904 5740 5534 2323 1794 3326 5159 2552 5096 1214 6993 4218 1461 2287 1050 100 8380 217 8902 1254 6929 2487 4256 2791 
29 8315 2785 2777 8053 605 2569 5916 9059 8262 4684 8437 9655 5840 1188 8489 669 3043 2128 2344 6949 9926 137 8427 4150 5864 3583 3072 1345 8096 
26 6227 8440 1067 663 7980 8201 3803 2470 6523 9634 1419 4127 9466 4074 2300 5825 4133 1561 4536 1500 9291 4664 3796 578 3444 3227 
29 8786 8543 3064 9095 8594 3541 6212 6436 7784 1694 521 6813 510 7860 1249 5519 3799 9553 1338 8198 763 8452 3223 3673 2883 9353 6881 4540 8314 
25 681 8183 281 7986 2236 3019 3644 4385 8874 2286 3194 4410 1146 5373 4125 2174 7780 5283 5607 2875 149 6745 3406 4354 6806 
29 2805 7205 6879 5206 9130 1631 1547 7369 4545 7045 5304 4430 4986 4748 6321 492 6621 6649 6695 279 9578 2074 4790 4905 3943 9828 5948 8548 2494 
30 5370 3145 8710 9227 7922 8872 3164 1542 9583 9949 8493 9173 8189 3806 4488 7630 887 9928 847 5338 4675 2089 5140 3426 5677 4337 940 4422 2936 5211 
29 8099 9740 6062 5865 2963 5460 5797 5925 2574 1871 9919 1709 2705 3464 7882 9986 418 1781 6110 5179 9834 8157 7252 8647 9766 3988 7861 2809 8385 
30 4182 8927 896 404 4227 2057 7872 9338 6364 569 9092 55 4045 2893 958 2290 1950 1231 4595 8656 6834 7818 5190 7074 3214 1943 9293 7764 8167 7756 
28 9155 3765 5794 6889 1776 158 1138 7777 4885 391 2050 5818 5137 2818 2004 4420 2032 9876 1456 8847 3378 9171 4932 3688 8018 9535 6960 900 
31 8453 3452 1021 1863 2253 6348 8176 7598 1549 6015 4647 2948 709 7712 9217 7238 5978 803 7585 4763 6023 4220 1072 9063 4999 1995 3930 5466 7223 5635 5269 
28 570 6543 8386 8130 9980 7488 9599 8488 2274 6795 413 8943 3434 5913 7549 213 3672 5567 4085 9779 4806 2210 3838 9170 4517 1079 2585 5561 
26 820 8364 4808 4909 3898 9721 4703 5875 2477 135 4047 403 799 2204 9729 3574 3184 7208 8856 3966 8411 732 3239 9422 5050 496 
28 2156 9246 8447 9787 3172 9817 1217 6112 4880 4958 8628 3407 5894 9279 5752 4373 7909 2419 1845 4781 5933 9013 8853 5380 6784 4257 8514 9969 
30 8598 1359 8586 9806 8615 3332 5353 4692 1064 7745 1516 2928 1934 6063 1914 1052 9325 6104 4609 8444 3964 6081 6420 9335 7730 9041 2959 8070 8768 7063 
29 9742 5939 9441 1818 5910 8421 704 7110 3430 3398 6171 4028 5249 3368 1358 270 6119 354 6589 6605 1814 1481 9948 3614 1975 1369 2968 8268 6596 
32 1826 8121 7402 1862 6030 1421 4175 2838 2027 8627 7661 5413 1166 322 4601 9261 4471 274 8599 398 7582 7971 5449 3995 7453 8219 9863 453 4592 371 8360 8465 
27 295 7309 2940 6382 4123 5166 630 8005 3887 1986 9703 9280 9060 7385 386 440 8016 4899 7254 3133 351 6201 8987 166 936 2956 582 
27 3709 766 3781 1597 2912 1243 3934 3865 8655 2062 7237 1145 4317 4477 4727 9776 1265 4499 9319 8863 897 8308 3588 1798 990 2895 3375 
28 3877 8399 6655 3866 2144 3731 4093 3587 5802 615 7091 4266 916 1482 2006 5485 7591 6058 1164 9843 242 6501 8940 2214 6533 3451 6371 3048 
30 5919 7382 7494 1330 2599 5066 4278 2608 9183 1657 1326 2799 7771 6145 239 2235 5093 9673 8217 7210 1710 7093 2362 488 885 8763 9788 7002 2969 6135 
25 4473 3704 3128 7724 9120 4393 2337 9203 3228 4873 2520 1418 2424 4332 9564 8028 2754 8056 9512 9574 9849 8672 4840 7837 9847 
28 327 5147 8983 4318 7769 4530 5323 5457 9491 5570 8476 8862 6310 6187 3377 4120 3677 5037 7273 7624 3761 4041 50 632 6916 1385 8353 9643 
28 7609 554 747 7026 5436 7526 1167 111 8055 9979 1618 2859 2463 9 3137 3319 5038 2941 3638 272 7913 8127 7354 8935 1288 9383 6587 6055 
31 9106 8730 1491 1014 7109 6995 3049 8569 1258 5253 9870 4856 1899 4667 1467 2981 8713 775 7889 6124 4404 6775 3337 28 757 9061 3352 7770 3421 3957 711 
27 1717 2864 7173 3331 1913 62 9989 36 465 4774 1292 109 3010 4011 2837 1382 5642 4570 9156 2639 8312 8748 1447 737 9001 9071 4037 
28 2414 2766 4238 4067 6374 8266 5682 5228 4524 9267 8511 3817 5162 3065 9024 6521 4033 834 1684 6193 6608 5715 9074 8994 172 7631 869 75 
29 5233 626 5476 1505 215 7259 4323 2950 177 8728 5322 2808 8558 7884 2800 5804 4819 5810 8156 5099 6536 5025 8929 1347 7858 9045 287 2804 7134 
26 3155 7186 3119 8481 1275 9636 678 2167 4394 9186 6515 5329 1097 6945 1070 4902 7994 9473 7821 29 9181 5294 2712 2400 4775 9343 
26 5955 8415 5815 5005 1604 9456 7278 6553 6567 5514 9412 2647 1128 6684 4851 7053 2564 3276 5977 8703 6071 4613 5016 5276 126 4659 
30 3875 2607 8850 8464 2212 9825 572 3558 5887 5510 6708 9812 2178 7941 4511 3382 7012 3470 5755 4865 8671 4649 1945 7895 8802 8247 731 7246 2781 3870 
33 7313 5383 2890 5898 9408 8663 3881 3804 7891 5274 2960 5397 6927 4658 7300 9844 3828 5114 7378 6861 9596 7813 3773 6346 364 9108 5582 5559 7772 2215 1367 8909 5630 
26 6891 9718 5555 1051 2358 456 4478 8642 332 4375 5600 4743 2372 8168 6170 1336 244 3395 4283 6335 1728 1765 8731 2441 9018 6614 
28 8090 596 7695 273 5069 7177 9242 5424 9939 9425 6715 7522 7400 4316 6721 3152 9011 4509 8313 2602 5923 4554 6923 1731 5173 5870 8402 6441 
26 9861 2 9621 6123 2918 662 9084 4396 168 2629 686 5869 7919 9252 2631 6466 1702 913 3862 3521 5017 8306 2478 9991 9918 1363 
29 993 8568 3051 7219 4186 5726 3847 6007 8001 8398 5133 1493 3849 6508 1494 1894 1819 3567 1780 1625 2676 8173 7465 7128 2269 9710 4437 7174 4978 
27 5062 9727 1040 3560 3954 6844 8958 5177 3984 420 1692 199 4147 3759 2114 3401 5594 7881 7103 342 579 6840 4336 1594 6159 6650 4712 
27 4830 1130 1365 2524 4529 1055 5218 9994 1242 83 6976 4423 7265 998 2695 303 5186 4861 9142 1355 5888 1989 9620 7477 8077 1522 9958 
28 1833 7337 551 9755 3623 9708 1342 3100 1032 6914 7645 527 600 7130 9326 4676 3650 3004 6939 9518 9396 1157 346 8622 5615 6360 3024 2668 
29 6021 7448 3385 817 7116 8954 2298 5522 7927 4055 5035 4882 3834 7247 4925 1905 6594 9209 2047 6900 6285 401 8557 6489 5660 8708 2067 503 7652 
26 601 3247 7439 2614 979 4282 209 841 9178 9368 3273 1044 1968 4855 7681 5484 1213 3714 3140 5172 7139 2964 3940 6673 2493 6576 
27 3516 8919 3696 2279 7299 7489 22 5434 1218 6672 1069 7056 3974 533 8223 3662 756 6140 7814 4427 3022 8556 6011 5747 4512 6480 9932 
28 3198 6687 6463 4400 7180 9165 9223 2313 8904 9771 4591 7007 680 4199 369 5741 6487 4719 3394 4939 5141 1974 6077 517 3207 2881 9330 9163 
32 2584 1752 534 6265 5031 291 8697 9273 6634 3556 1897 5687 5906 1564 353 741 8591 430 9091 3287 6724 9174 4653 46 7266 4403 3910 4020 7856 3970 9607 5065 
30 4119 4494 5889 9506 4034 5949 784 8410 2536 8154 8993 4638 5412 259 2560 169 9427 5236 6120 3263 8212 2159 7902 5039 9253 7386 6266 9866 8715 1921 
32 3611 5583 2769 3557 4817 1689 6312 4388 7955 7847 5647 1206 1935 2092 6486 6484 1530 3129 8773 5989 1720 2045 9897 3809 7145 5019 9201 8810 7900 4791 8443 2504 
27 13 8545 182 9236 3009 1983 6049 9238 8577 1477 3110 5488 6878 5426 5590 762 7064 8397 707 8998 8633 9277 77 3041 574 4708 2661 
28 5604 2365 5669 9956 3744 9777 5863 2266 3912 1671 6989 7928 3134 909 2739 3495 9830 2200 2988 2490 4269 3358 8576 2257 240 4998 3472 9478 
27 9111 3169 1139 9984 7528 4053 4302 3040 2613 974 8215 9218 1553 5767 8787 758 1225 8291 6555 7736 8388 441 2626 2779 3906 6157 419 
30 5254 2550 457 487 8083 9033 1715 6985 7061 9107 1767 5070 9247 4612 1294 3108 9852 222 7829 325 608 4245 1331 661 3208 6181 4683 1484 4063 7690 
30 9872 352 4773 4650 6910 6481 941 8292 8680 7484 1000 6954 5259 3568 8882 4756 1763 2690 9676 6957 944 5544 4484 9657 3438 6797 7463 4954 788 9354 
31 3902 5325 846 7496 8717 2906 7992 8418 606 5157 5390 5843 9842 6183 2842 8925 947 4207 3204 744 3248 8692 658 3617 708 4155 6022 9476 5526 9100 447 
29 2381 6152 9804 8327 4001 4627 9235 6738 7105 9500 7195 140 6951 6044 2185 3886 7999 1286 3372 154 1324 3200 4468 6248 7604 2329 3106 7162 6422 
30 1566 9157 4751 4436 2841 930 250 3520 2179 5821 110 560 292 6174 9299 1221 9513 6476 6232 3967 1755 5753 5217 8985 4039 2927 7166 8011 8589 202 
28 6507 9887 9166 3005 2051 1515 9494 3203 8645 848 4040 9862 5766 954 7146 6611 5174 1732 8300 176 1475 9623 6499 9285 497 1270 5953 511 
33 2717 3076 9814 8143 8950 7603 4587 1639 2774 7163 1248 5366 70 4168 3839 1621 9344 7212 6850 5614 5385 9701 5807 7274 1982 4362 186 2694 1449 5809 3197 8092 6730 
29 3511 4951 7969 3396 2353 6125 1229 8460 2415 1849 7824 4100 7589 8384 157 5971 1469 5884 2299 4742 1940 2932 9550 4038 1576 7731 8374 6038 6588 
30 9440 9696 5511 3914 1429 5705 5784 7405 219 1852 3286 4952 2606 8185 4368 984 7758 2697 8116 524 6469 8785 317 7977 754 2261 4291 5685 5418 8311 
25 1764 476 3312 9378 9268 9915 2642 9461 2832 8289 6210 8824 3879 153 903 5651 1748 2172 4859 4012 1518 3355 2273 2587 7215 
30 3240 2847 5475 7120 5968 3036 8834 2499 3683 9260 3402 8907 2852 1029 1706 3301 6726 6079 7217 4143 2112 2871 3053 6548 5981 6478 480 4827 824 5690 
29 9191 2517 5241 6819 9785 1025 5714 6359 5861 1011 7059 2121 918 3096 2015 1383 6353 4010 8459 9663 5735 7498 3848 2422 573 7843 8774 6732 3386 
30 8097 3209 8523 8027 9397 6746 5435 2687 3156 4726 4223 6849 7370 3011 7077 559 9823 4310 9726 5335 329 5004 4463 9977 1580 9805 3601 9452 3038 8395 
30 5552 6557 9826 8286 3278 6681 791 9892 6550 431 9835 54 5770 9303 1829 2615 5214 9047 4596 2662 6558 2073 7311 543 3996 7524 3938 516 1268 7348 
28 1574 8366 7929 3518 4126 6731 3090 8441 4289 8224 7466 2188 5118 6735 6418 9757 3535 2227 6336 4972 5165 4024 8326 3257 3084 3909 8941 5473 
26 6428 6257 3991 1700 4084 2058 5850 674 6473 1792 3277 5200 7532 5191 1840 955 2975 6682 1432 3691 7754 4927 7991 1967 5216 531 
31 8858 7539 6231 2186 5448 8072 2258 9898 6535 5100 9921 2935 9187 143 3889 7515 6204 5493 285 6964 9137 1528 8521 8252 7052 1287 7156 2789 561 7806 2659 
27 2265 1285 6961 2914 6966 5022 7880 9675 5074 2513 8347 2780 1936 6624 4814 5688 424 4464 4233 6047 3864 8104 5728 7332 5285 5988 7527 
27 3831 3171 9884 7031 2221 8365 9133 987 878 3453 339 866 4424 4623 2327 4836 4305 1901 6514 3206 3023 1716 3196 8792 655 4625 4361 
30 1938 9037 8778 2013 682 150 3715 8123 21 4435 3131 387 3981 1856 9935 1272 9140 2229 3718 1335 4537 9661 5819 1626 509 6311 9463 9869 8819 8636 
29 3815 1035 9366 6258 3811 4156 5883 91 2247 3320 8294 4092 6024 2413 4637 3458 2043 2411 5980 9783 9746 9638 6848 2340 5946 7281 9064 1727 9724 
28 6603 3258 1772 6677 4309 0 9660 4124 3670 5497 3199 5135 7307 4232 3013 7079 5431 657 9938 206 5088 2109 2667 3959 2119 1533 849 4131 
30 7901 5801 8657 502 1197 5313 9407 3651 8483 4262 7802 2548 1319 7312 5972 2187 7155 7292 9867 9693 9656 9610 7019 1682 2844 3457 1550 4923 7907 960 
31 6330 1539 6595 9459 1442 8884 2359 3151 3647 5769 2243 38 3507 4930 5808 7844 96 6953 9567 7783 6870 2471 2476 5155 6981 6828 4841 4268 8683 3634 7456 
26 1753 1768 1407 9520 899 9795 689 3545 7039 8769 8371 7344 6228 6998 1224 481 976 7959 2461 9789 5408 344 2523 1150 6647 4347 
32 9601 5097 804 4481 3763 5999 2873 1131 2591 6419 4938 3069 4460 5036 7377 2276 6665 3175 7102 6991 4740 1581 2625 5444 4206 5143 4651 9903 1714 8893 2059 2783 
28 5465 9248 3972 8503 5116 5990 7605 1707 7597 8245 5347 5974 6996 7893 733 1013 2521 1471 8086 4225 8430 5657 9020 8637 2514 7934 9154 6491 
27 5634 8431 3919 4386 8766 4486 8264 7462 881 5442 609 6915 9381 4072 1616 1495 9487 3142 562 9840 1570 9221 2721 2567 396 7319 1185 
28 7674 1466 4794 6003 7985 3455 1293 690 9310 5704 1360 8159 5834 3923 1552 2312 595 5139 3365 4154 3823 3655 1951 7106 937 3381 4418 2894 
29 7613 8934 2396 8162 7842 1865 6538 4003 6472 5793 7355 9057 3251 4160 6873 7656 2315 9419 2488 7168 7825 8181 4558 9193 9953 9912 1071 1946 6787 
27 6638 5608 544 170 4144 1283 7441 8389 7629 7761 9689 5791 133 9334 7310 7129 9401 2688 8091 1687 2824 4416 7705 7050 9748 9544 2338 
28 4753 1595 3260 4217 9790 1612 2782 3513 9798 4520 5694 2495 3415 1223 920 5662 8319 2684 6777 4330 201 5922 8485 2491 9900 3308 8132 5240 
28 5354 9460 1909 8234 1276 8006 185 3830 2289 400 1435 1003 6749 210 2225 4845 6518 3596 3162 483 7786 622 1112 7154 6153 7938 3071 4916 
31 6845 9692 612 5903 8566 2506 294 7406 1302 7078 4334 7706 1320 7388 6375 6743 2581 1973 8233 9429 3282 3843 9305 9205 6911 894 4228 6972 3758 1690 3708 
30 9888 6347 810 7335 961 4622 785 1300 9880 6584 5508 1329 2825 8605 9010 4829 9712 1613 4070 7041 3969 728 8126 10 2405 4646 7518 4224 3868 7272 
27 8085 2202 3501 1278 9190 1282 2136 7931 9035 9821 9628 6471 4669 1828 4103 2333 4894 9341 723 8852 4850 5515 2248 4811 3349 825 7341 
27 9014 7918 4214 8906 504 8968 8911 4521 5407 2509 642 7785 6386 9389 2741 7898 64 1903 5164 3787 1859 9004 6408 5907 4237 6830 8629 
31 9151 7511 2954 1148 2756 4165 6304 2334 2853 2525 5142 8213 8284 8956 5761 5947 4139 1918 1403 912 8138 4508 6805 3712 1685 9208 9894 119 2134 1627 3143 
26 2652 3179 108 5115 9612 5082 2673 4134 1081 3637 3146 5441 9501 5220 5652 4406 9070 2192 7685 1605 5710 2729 5196 3366 3857 4188 
26 4467 8246 7115 9304 9974 6658 2310 8004 3362 1002 8734 2390 5962 7924 7836 812 370 7710 5087 8729 6771 5599 6534 1263 1313 8805 
27 6261 3775 8003 1049 5086 813 513 8673 4640 3086 8391 6582 1280 3941 1392 2224 2309 7510 7366 2002 7204 880 1479 2537 3161 9968 2719 
23 4049 553 3099 1558 6912 6427 3427 1609 5350 8899 8509 8329 633 6946 8495 7373 727 6194 5221 2203 5918 5029 1289 
27 6812 2418 6509 873 7952 8746 8873 7356 6230 9562 2355 3136 5581 2979 4496 2133 6736 7051 129 284 1318 1686 7121 6667 8928 6240 7775 
29 4077 3628 7358 460 4195 9096 8293 8756 6703 4015 5084 7415 2260 6882 2811 7953 2324 8276 180 9144 5676 1646 2336 857 8043 8068 1916 4419 7936 
28 102 6578 2512 5171 15 184 7142 1007 1708 997 331 8345 6182 8338 5695 2727 1 2839 7732 6383 2180 1019 1869 4407 5586 120 9431 9204 
29 4322 1942 4259 6970 1053 8992 5351 7878 5406 8912 1189 1158 1460 9906 8352 3646 1416 3512 2181 490 5931 776 9206 4426 5342 9934 3719 9650 7899 
27 6423 3632 8026 3855 5102 9356 6752 4004 7651 1724 1459 6941 9185 475 6432 3552 6712 1619 5620 6455 9433 2360 3800 4532 5698 4963 5486 
27 1187 8383 2205 1809 4784 1430 4514 6395 2542 833 7282 9216 858 7321 6156 2658 4118 535 6373 9114 2545 5686 8533 1629 4526 6898 2254 
28 7794 7708 5942 8624 6313 7022 8572 4185 3481 2547 2643 8686 6337 5800 3920 5737 645 3325 7495 1234 2190 7376 8555 5725 6041 3345 7362 2107 
25 7678 839 7864 1737 9937 675 7227 9554 5700 5238 2891 3121 3543 2657 4351 1536 5573 1058 3965 5902 4326 121 2737 9786 9418 
26 660 3496 5134 2860 1380 4076 7944 3439 266 5382 6238 6809 4943 5730 8843 9626 8379 7403 269 5319 8169 2926 8146 7553 8265 4300 
27 3236 4397 6778 780 7436 164 9350 6562 1839 8477 3791 1825 5768 924 5265 4776 7626 3754 1252 4709 7303 9945 4741 9134 4735 2467 2507 
27 962 4501 5952 6250 1325 2768 7149 9182 261 7664 6574 6674 7554 1490 3220 4414 299 2929 4451 9801 5271 8163 6774 3369 4561 2807 2217 
28 9054 7395 2263 8530 515 9329 7840 1759 6097 9110 644 2033 8279 9595 4438 324 7141 9614 5858 6126 6281 1930 7711 749 7968 9645 5562 4964 
28 4760 1030 191 5632 3139 768 883 5911 525 5429 8562 1962 2576 6134 8975 414 9345 5103 9944 8301 9265 9496 9503 8032 6532 2915 5227 4331 
26 3590 9591 928 1560 4009 4983 5052 5772 1679 8122 6460 3705 6846 7700 2653 9647 7964 5623 8456 4733 2812 581 9398 7008 7885 7559 
25 6669 5492 9052 4200 4639 760 4017 4272 2986 2720 1796 8142 5356 7803 6400 6792 8331 967 1332 5328 3154 1237 5215 5002 6575 
26 8698 1191 8969 2012 2239 7572 3281 1541 4444 5023 7328 3563 9158 9792 3888 361 8461 7027 3788 7 2363 6619 6506 5489 6974 7502 
30 8407 3856 1816 9019 1600 738 6128 2679 4931 734 2097 8214 8755 7308 4602 7069 6758 6689 4405 2733 7198 8719 9691 2483 8112 5536 6320 7978 5033 973 
30 5777 9695 3903 2145 462 3733 5126 3573 8506 3130 1349 1168 6648 9300 1498 2982 2753 4610 755 8608 9088 458 3221 2374 2896 3098 9613 7261 7123 411 
31 7324 8177 8625 9123 1241 5 8913 7915 4117 1370 2068 4136 3635 5782 6836 8630 700 9214 2663 8259 4086 5267 1334 7302 1129 1375 9517 1446 4890 8470 2497 
28 7662 3210 8678 6117 7890 6790 6211 5079 530 7024 4241 4687 2913 3124 1091 8864 6742 6226 1886 2910 8303 827 712 6782 251 1295 5042 3595 
28 4065 4122 5675 2169 5574 8564 939 8646 1730 7097 7815 7000 8435 3393 6414 388 1848 840 2596 7956 4022 614 7972 7616 3760 6094 8412 2681 
29 8039 436 6497 6754 2930 6519 2762 5223 980 4110 3262 84 7990 4599 8915 3963 193 7218 5655 8098 6070 8635 1005 983 4961 9563 9971 6843 3232 
31 9189 1424 2482 9175 3323 7144 1236 7464 9439 2917 3802 6860 4140 4869 2397 6213 2171 6692 5577 7737 3261 5636 5111 5656 2356 1912 3424 6920 3816 845 4977 
27 6190 8468 3575 432 9907 8050 435 4341 3336 4657 8844 3798 4098 1457 4815 3046 7961 6247 1722 3726 2284 8818 3998 843 8037 8932 3399 
29 9180 2698 9791 702 5109 3 4739 1412 4969 2322 437 5012 4243 3147 2056 4128 3897 6403 538 7262 3566 2605 7594 3994 4884 6654 617 5481 8887 
27 6229 6729 3324 3322 879 9831 1245 1888 8641 3254 373 7766 5803 4578 9877 6009 8900 1884 4234 7301 2437 5812 6495 4699 3540 6017 2436 
26 750 4066 9820 1113 9039 7790 3528 8000 3304 6357 3925 2426 3926 5504 639 3961 9683 9266 7398 1078 3627 4255 8100 3289 7850 2149 
28 7576 4994 9079 1178 5360 6817 3654 1317 6820 4914 1261 6483 9609 3343 8226 4847 5043 3549 3600 6259 1827 349 692 2703 4274 5774 341 1911 
29 5798 3025 5941 5472 4219 2049 2519 3033 4358 2161 9737 4833 8976 237 58 4276 6653 8720 3973 7716 3793 9744 7892 8836 4459 860 3697 6264 9138 
29 3592 1805 3519 1835 4455 9719 343 4116 3904 3167 7291 161 7983 9370 1721 8124 8498 5287 6760 4359 2742 7182 6239 6569 566 3522 4556 8964 2288 
32 5160 6671 8073 6092 9150 289 8417 6057 1411 409 6084 8260 5480 8611 8538 7973 8348 623 6565 1169 5212 9846 8457 6880 7562 9680 7714 7508 2904 3305 4364 1648 
30 8220 2351 6635 5612 2555 3186 2096 3465 902 9883 7209 7935 7429 6811 8807 3525 2364 613 7189 7632 1116 7193 9176 1108 7618 9542 6798 3633 1778 5193 
27 3883 2330 1192 4327 2201 7607 1174 9658 5597 4519 9051 9845 1853 2193 4970 3085 5498 3728 7797 7444 4729 5225 1337 6366 4197 1184 6865 
33 6392 1573 726 336 429 1124 8439 5307 308 5315 6329 8944 7352 6999 334 6728 9694 264 3370 2445 5419 9511 5421 6825 8449 5286 3842 4702 8484 3074 2957 1177 2388 
24 1808 9257 7694 7161 2343 5867 8741 739 4163 4988 1747 6143 9411 917 7437 8563 3029 1699 9539 3066 3649 6397 2291 8816 
34 8372 862 9336 2693 3524 3992 3266 6822 3667 1340 8182 4997 6069 7284 8832 2685 7242 7702 6282 9276 8119 6527 7573 1582 2861 7920 2619 3447 5764 7521 8918 2620 2386 4594 
31 3016 9446 5334 2876 2570 2085 5671 320 9362 1028 4158 8358 9654 6581 6272 9800 3180 5622 2111 1346 5957 6863 3252 2455 520 5180 8955 1881 3101 3901 7887 
27 3256 4057 7244 3612 5860 2053 9394 6615 3185 1120 4579 7076 564 2017 7586 6462 2216 3371 9009 3624 3483 2953 7970 8195 7965 9404 7649 
28 9594 698 5721 3598 9966 3907 4304 9229 3821 7709 3494 5291 8337 4161 8762 8688 1654 4787 8496 6165 3593 1372 4783 2328 7542 9423 282 8670 
29 3265 7080 2767 4716 4314 8381 3297 2541 7202 1307 1688 3431 2044 3585 1636 112 3293 9896 4826 6035 2458 2347 506 6465 9886 9099 2189 8583 1596 
27 558 6931 8592 5881 6275 4104 8093 7561 5401 3784 2646 4728 4892 8248 3812 2342 8283 5295 4389 3445 5745 1902 9101 3687 3936 2902 7641 
28 6430 1831 5917 3476 7084 8584 5912 6994 743 3176 7950 8536 7846 922 512 1511 3971 5060 761 3017 4073 6517 2063 3015 9579 8151 8631 5723 
27 175 2713 1956 7752 8540 8765 1042 3871 1895 2788 6037 4945 8861 8278 2082 1504 3418 8321 4023 6064 165 1357 1311 7595 730 6435 6090 
26 1472 5388 4088 5751 1398 3411 397 6267 6274 4044 6268 594 7776 1960 2354 7493 9588 5643 4453 97 9493 821 4105 4872 3062 6405 
28 6570 159 89 540 1465 2018 4672 87 3229 8889 567 777 2010 3389 8370 2899 148 8071 8428 5341 4681 892 1115 7435 9388 6969 3748 7414 
32 3060 7979 2715 3306 5756 5896 4795 2232 2175 5490 3863 2153 8512 6176 3132 693 4335 6384 8155 5554 4886 9541 7862 7224 5300 5996 1279 9023 1010 1106 1868 63 
32 7849 9662 2874 8885 6973 8445 6016 5499 8239 6393 9436 7304 4489 2651 9372 855 4371 3067 1161 2886 7333 6987 4198 3538 1506 7619 3351 4995 3328 8290 7537 1199 
30 5057 405 1186 3462 9754 5210 1750 2794 5312 1971 1431 9780 7560 1761 1452 7184 9264 7353 6759 2723 1101 6067 6158 6316 4505 2976 4619 5280 4875 2451 
30 701 9925 7946 1037 3735 5713 1093 7467 3480 3215 9363 2760 3982 2682 1771 7199 5924 1240 3945 4378 8064 2934 9950 9557 8749 1486 5161 5432 3422 5517 
29 9215 4433 7060 9454 908 3300 3243 8040 5509 648 4582 428 3028 4157 6786 2292 3327 8271 2665 1356 5452 8838 8542 1509 3148 7926 9838 6164 3116 
28 8346 6720 3027 2459 3671 7239 1784 6919 5757 7703 2909 8153 2826 9233 3747 4934 8757 3244 438 5626 1153 316 9978 235 9474 1399 3829 7207 
28 9488 7855 5846 7689 2140 9115 4030 6341 3335 8249 4652 6705 5292 3317 382 3657 8996 4321 1741 4016 4208 2669 607 7342 253 9586 5021 7886 
25 4466 1364 5529 1964 3283 4307 1420 2947 3484 6773 6429 4343 5540 2108 8310 326 9516 6700 6642 114 2454 7923 8272 2481 4821 
25 7828 6319 6610 6493 3620 8462 7379 8638 2654 4844 4547 9043 3853 1537 7975 6788 5979 3725 4242 9348 6053 9642 6404 9782 697 
28 3756 3720 5503 4996 5349 7845 5368 3001 6309 7240 3678 7131 9964 3303 4551 1496 830 4648 5733 1803 6831 3591 18 6251 6867 1464 9188 9700 
29 9371 8870 7636 6461 8751 1257 4730 9753 5090 3608 5550 5290 4425 6129 664 6698 4525 7932 2246 5778 6458 8354 2377 4267 4593 652 3057 1697 8392 
27 8546 8740 9685 1675 2633 4192 9540 5506 7993 2722 1680 4533 2577 628 6706 4750 6617 7314 495 7085 1110 6602 8527 2749 3958 1551 6216 
28 9168 5967 4802 5658 4628 4975 8022 6764 5189 4497 4284 3488 8938 7612 5346 3814 5631 1379 4429 3413 3572 4746 7746 9244 3226 3580 4014 3436 
30 1660 9031 3911 479 3844 5423 7728 7538 2158 1098 2030 9332 6018 8963 7346 5727 7196 6940 4162 4842 5602 1844 6886 4912 6560 8203 6577 8501 8062 3810 
29 8078 4701 276 8733 9772 9773 971 4137 3905 5384 718 872 8145 4992 3061 5956 6877 2453 3751 136 9048 6342 8088 8685 105 2170 4940 6173 6207 
29 2993 6154 3656 1036 9286 6753 8957 5670 380 4363 7473 7267 5579 568 8610 1571 3359 1931 9749 6937 3874 8202 6 9713 1937 2776 9349 6121 6051 
29 9670 2795 7421 3268 9462 8454 107 927 5425 4204 300 92 2500 1401 7363 8242 649 8304 1075 4920 3087 7339 9450 3157 2572 8105 2814 7718 9784 
30 5835 6770 7251 5516 309 2920 9380 3158 4792 4178 7863 3975 865 5219 1103 8288 588 9641 3976 3738 1663 4449 1583 2990 1474 5593 5845 870 6656 4678 
28 5046 9850 144 6983 6073 9537 6652 8541 8603 7816 9728 8035 5839 3437 7221 5246 2580 3999 7819 6903 942 9124 1393 1323 7399 6942 2582 2480 
31 4960 9445 687 9385 1758 6485 9909 9078 7869 8150 1309 4344 9458 7290 9390 6540 3073 7834 4299 9016 6333 767 3990 7501 3542 3727 3710 677 6821 5361 4171 
26 4764 1196 1924 2469 7416 9629 1095 1898 2001 8238 1074 39 6719 3054 6362 4656 5415 9125 3523 6254 4510 2819 6012 7852 2530 6627 
24 3216 7397 7279 7957 7361 5296 871 7767 8967 1948 1308 4177 4328 4493 8054 6468 890 3626 3163 2962 5344 2143 9555 8799 
25 1386 8432 2305 7976 2401 3242 7768 1620 4822 3058 3631 5611 861 5786 8667 7635 6307 7640 410 2588 7523 4138 4820 3279 1508 
29 8644 4632 3694 9384 1016 4252 8798 7317 2961 2071 4544 5828 1406 6426 95 5505 5001 6288 3690 2827 5722 1232 5305 6713 5032 3404 4097 3531 2518 
32 4768 9992 4006 6748 5148 3610 6500 9936 7748 2303 363 8325 546 3955 9739 2675 337 3978 4737 6905 2131 4837 3077 945 3658 5932 3559 4571 3779 321 3159 2084 
26 7735 5837 9584 5537 6445 1923 2429 8532 5935 2558 9090 1754 8482 1719 2226 1033 9530 7160 433 9649 4409 2796 1939 5618 2016 6091 
30 8057 9360 9447 3832 417 3932 9428 5706 7065 6300 3774 6263 4818 8665 4713 6502 2326 449 6768 1523 454 1463 7469 5085 374 262 8880 24 6737 5208 
28 4801 1415 128 4415 931 1994 745 1735 5975 6256 3191 5405 2066 9414 4918 2251 7558 9674 1955 4863 6131 9086 9819 3450 5386 8916 4516 6479 
29 9053 9589 3618 5310 2141 6657 2644 2745 2728 9289 1610 1301 4898 1988 5905 8020 9824 8148 7750 8866 9162 5469 3032 4624 2991 41 8236 5915 6279 
33 2672 8896 2000 4535 5456 6262 6826 6470 2142 7038 4679 2867 5083 2539 9490 9367 7831 8051 5958 3113 8571 8525 7504 5961 2529 6241 6040 6002 4412 3645 4111 8753 592 
34 5645 4349 5771 6959 26 3950 5940 5654 3917 9477 2674 685 4229 3313 5279 8659 9618 6291 8926 6111 1977 9528 6958 4606 1478 3977 4108 399 5936 65 9904 2031 2007 5666 
28 2758 6600 2304 571 2992 1917 6162 6675 2083 7037 636 6601 8650 2869 131 4164 6443 5697 4668 5364 2579 3478 8520 1947 5950 8771 7608 5392 
26 9413 811 3679 7323 2168 2775 1854 4083 6412 886 6318 9664 1102 1142 999 4780 9195 9275 3526 8716 5571 6704 6573 6842 3555 6202 
27 7245 5129 7744 9590 2609 4350 5739 4446 3379 545 123 4603 8761 3616 4838 2425 1584 5572 4285 469 3752 717 6637 6776 2213 7555 7368 
26 1204 1387 9756 5298 1373 9648 8783 4306 7503 2325 2877 5073 4167 7888 5628 7628 8868 8048 1162 1900 6431 2094 6068 5374 9161 3818 
29 156 1824 7175 6200 4458 1024 338 4942 8790 4356 8042 9973 1444 8855 7025 1662 4421 3641 9551 9597 4731 7454 9652 2884 9069 9947 8270 3403 4275 
26 4189 9200 3582 9816 5796 4621 4630 7455 1749 5404 4919 5820 6365 9040 2806 2118 9230 797 9631 6324 8981 4352 8574 8898 3504 2103 
29 7427 9764 3878 5197 8120 2535 6868 3114 8581 2233 5355 7942 6252 8507 2686 1352 9681 2708 2484 5799 1970 5929 2438 9972 6076 641 2516 7165 6804 
28 2417 2813 9735 2352 4694 5376 2983 3234 2725 3416 7623 6450 6841 2798 2087 772 9532 2628 2575 5381 5091 6086 3547 4600 3008 9995 5320 9600 
31 9475 3827 9743 8356 7798 8936 919 6411 4273 3770 576 3330 6098 6701 8254 8095 7236 7181 9465 3776 7241 1077 2764 8888 8243 3111 5391 5092 5789 2810 7326 
27 389 188 8052 2395 8634 5587 2562 9274 1622 5501 5701 3094 7962 5718 635 183 8707 7023 3245 3052 2816 6066 808 1181 8024 4965 1651 
27 835 4797 8297 5696 8714 3443 4387 4194 2689 6138 8413 1870 5048 895 7171 9197 7081 7425 9432 4626 765 293 3498 4222 1705 7903 7234 
23 2600 8952 8833 1588 8970 4566 9149 3546 258 6388 2683 2077 1736 226 1743 7506 4816 3577 2065 7396 8682 6561 2994 
26 7653 7343 2005 6756 8681 1160 383 4174 1092 3515 6948 8436 5443 6644 1376 1565 6381 2486 3676 2553 7868 2559 6660 8776 8744 969 
29 3249 7380 1608 8701 8375 4231 2797 8876 2457 8894 2040 2465 805 5732 5268 101 8158 2173 500 6004 4216 8344 9514 2376 1815 6013 4762 9152 7774 
27 1817 1712 3302 7151 4355 9565 9324 6824 8617 3548 1698 5817 305 3250 5076 5013 5617 6691 9519 8014 7101 6293 9865 2054 448 8387 7260 
30 7642 1143 3937 5156 2640 229 8575 1521 9864 499 9451 8206 9087 8892 3360 3893 5015 8621 2872 6106 9046 1190 1201 725 9508 6141 5882 5844 6680 4087 
28 8579 8205 8565 676 7773 3537 3479 5556 9853 5879 4665 9983 5417 5075 4280 9617 5199 8269 4439 7269 2317 8772 485 2211 7801 1001 7233 5738 
30 1587 280 7793 665 9559 6718 7327 3182 1127 2176 5474 8602 4564 7989 7509 4226 5731 1906 3790 4770 8600 4849 7987 5538 4367 7544 9080 4353 7315 9982 
31 4935 4757 7351 952 1076 6816 3669 106 7483 925 2802 3606 9222 5720 6439 3047 7143 2473 7070 9102 366 2162 1527 5337 3946 4346 340 2075 9882 7460 5107 
29 2139 9646 7867 5416 3755 2748 5512 4562 1207 1548 3846 2408 3730 3983 8031 6078 7438 7040 3569 4007 1617 1501 2987 9065 6059 1015 7921 2952 2423 
28 7883 8977 6150 5520 3122 9504 9272 6978 9220 2183 9067 7939 2262 6137 2817 7075 611 2130 4094 1563 3736 5995 1874 3859 6921 2041 4881 9212 
29 8849 688 4166 8851 3350 357 9625 9467 5176 2624 5659 7536 1524 8721 7005 2882 2341 1640 6199 2750 959 3070 1633 8567 1266 1601 3467 224 9604 
28 3562 3533 9747 7982 4917 7232 9549 3783 9406 1306 5028 1215 6010 9672 7167 7763 5239 3253 6571 3509 5316 1454 6901 4380 3218 4897 9799 7264 
27 1577 9868 5185 8820 5224 8609 5163 4247 7243 2370 5874 6591 9598 9077 9981 4604 1729 1984 139 7657 3578 6887 4531 5231 1255 9403 5987 
26 4634 3482 7329 3417 5693 3997 9495 4413 1256 4374 5998 7949 3034 2527 3740 5692 875 7940 6108 8451 4265 2115 9148 5859 6542 7021 
28 7760 5326 7569 6416 9129 1855 9874 3536 3486 6215 4079 2011 1585 9278 1661 99 8529 5899 842 3414 7571 151 9318 6751 439 8539 9873 5255 
28 2378 5130 7011 2252 4152 3722 6551 6971 6385 2078 7811 4906 5854 57 4112 4893 478 4399 3666 5094 1696 6089 7967 6325 31 8487 2925 9577 
31 1599 5049 6151 8438 1267 6444 6464 1004 1440 4145 2931 9793 4002 6192 1458 3896 6223 3376 241 4056 179 3097 4755 2856 8045 7517 2848 6498 6390 6088 7492 
31 1788 6980 6890 3921 3150 5020 9241 1198 8718 5303 4889 4691 7472 2590 8931 3819 6253 2845 8908 9893 5331 7003 7963 5625 1155 2566 5120 651 4026 6496 2634 
34 671 3492 2332 1670 5247 4824 1264 6475 216 1904 4874 4542 715 9952 7404 5993 178 7491 4148 9794 7500 8041 2997 7646 3093 8030 2784 1538 5985 378 1801 966 1212 6014 
29 3384 328 9891 8693 7621 4597 4745 5822 7062 9526 933 3284 7118 7112 9359 5299 2432 2945 5150 1591 3792 2621 7905 4959 5795 575 1638 7747 3082 
27 3922 7574 1531 6699 6407 6922 1165 2391 9848 1725 8974 7257 7009 7682 3102 7428 9316 6896 7255 1381 3165 1857 9342 7791 2911 2985 7688 
26 2711 2583 3316 9836 721 795 8500 8256 3388 5601 1182 4212 3795 198 6696 1488 3960 6526 5563 5663 4569 826 3045 8218 5851 5921 
28 5832 4236 3630 9352 6410 9963 8012 8791 3724 9153 4888 8047 7877 4382 6772 86 3409 381 307 2127 6243 4810 2160 3729 20 4552 2901 85 
30 3440 2191 7787 6640 1100 6563 7723 970 3854 8848 1810 1259 2835 8008 4456 3321 6457 1451 4340 9659 7879 9337 5866 7092 4296 6631 6356 9113 6513 9346 
28 9988 2803 4260 5545 2003 375 2677 5683 8679 5302 6163 4577 1228 223 1701 8901 3837 6249 9946 1008 4968 8160 7734 9962 4947 9444 277 4644 
28 2163 3782 4944 2736 8910 1592 8478 8687 2009 7906 6449 7340 412 9959 48 2237 4146 3869 2270 6195 4711 3689 6579 9813 1333 624 4539 6172 
30 45 9561 8080 7449 7367 4286 1441 4069 4395 3711 9818 2122 9651 3685 1774 6398 1122 4149 6494 4202 3255 8570 315 4979 9034 4936 1820 5736 3529 519 
28 1641 8125 9470 8547 3177 3238 1760 2710 3625 8036 4325 3508 5018 1544 8149 2151 6492 2113 7943 246 1343 8280 4342 2778 9698 556 6663 3767 
26 4974 8170 736 6283 9702 7086 6409 4500 9281 7531 4132 7288 838 8362 802 3499 211 9758 2696 4013 1183 3112 1834 205 2670 3570 
28 4115 68 8282 7485 7637 2770 3170 4457 290 7036 2924 9072 2833 6406 1667 2125 3576 5495 4670 6107 5814 9036 6209 7583 8695 3173 2879 7010 
26 4611 2090 7014 2472 1448 7667 1674 2021 7680 9760 8231 4583 2666 3463 6924 6628 7563 4928 2366 7263 9637 2393 8409 8743 7066 6625 
27 8267 7222 2933 2815 4018 9302 2908 4251 1802 6872 76 1321 5132 2464 7172 3928 6853 3789 8059 6636 3586 2197 181 8830 7817 7322 5823 
25 152 3665 2557 2573 6000 5478 3195 1555 6606 9012 1919 8038 1409 2714 5056 6039 9566 3270 1455 8789 6769 9582 4680 6626 9914 
27 957 8207 4503 4442 7668 9546 7751 5168 7374 3603 6454 1405 9068 5833 6670 8129 6962 4706 3089 6641 4620 7799 8770 587 7294 3554 6906 
26 3353 2198 8971 5237 5400 5783 1009 9781 7614 4401 9809 3241 9455 5477 2593 507 1366 7372 8923 11 752 3141 5711 3274 4643 1397 
34 9435 6668 1437 6664 3264 1059 3391 1681 8281 5525 5596 1354 9317 9910 5309 8455 1650 9464 1170 3692 9507 5487 2792 6967 742 4333 4563 2079 8648 8779 2498 6028 5928 7534 
28 9543 9688 3899 7253 3702 7715 4377 670 4095 822 8691 8015 9290 5565 4557 3594 9611 1394 1208 4324 6917 6317 3527 5813 2357 9829 7194 1154 
27 3042 5387 9076 3292 8924 9533 1012 8274 9254 6697 4720 8661 2973 4598 8341 6438 17 9911 3768 6144 9377 6339 1316 9765 6524 8479 694 
27 493 7638 9128 9640 6280 7513 4589 5293 5059 7188 249 6026 1353 9122 379 3109 6045 3732 8704 8229 1297 4369 2866 9987 4461 1653 7820 
28 8946 1062 4091 5461 1220 238 6205 4454 5900 1104 9593 2502 5691 8675 3723 7200 2447 5393 3916 8664 5824 8739 2618 2510 103 5257 9481 1445 
30 6042 8607 5336 5965 8273 8250 7375 1998 8828 1310 3794 8813 8826 9448 2348 1054 1832 9103 6938 9294 1230 6662 1497 7857 5665 4271 8660 9687 6955 5674 
29 1711 7581 6113 2339 7408 33 484 3018 3835 7423 911 1147 2551 751 7271 9734 9671 3621 2898 1476 6118 4744 1782 7512 948 1119 8060 4058 98 
32 8502 1492 416 6402 434 4933 3267 9803 7866 4315 9851 4588 1083 6188 9970 8623 2255 1244 643 604 1673 1341 2592 829 9105 5762 6694 9572 6833 4590 4254 7417 
28 2563 4662 656 5207 6815 8178 8235 356 1668 6287 5352 2589 7258 1413 7673 9653 5750 5754 1513 9449 1966 695 4721 2093 8244 7726 1875 6148 
31 5524 9417 6294 3682 7579 3380 8046 9665 2129 1882 468 6690 5311 2857 1371 225 8007 6895 6448 9119 3231 3822 3012 2196 9369 2612 5232 2709 637 3918 8618 
29 5014 7096 1807 850 3412 6859 8263 2207 6666 3825 359 1262 3894 1783 2740 6963 1502 631 6297 1438 786 2199 1997 8535 1981 3652 8619 3006 647 
29 5959 5595 6032 3845 5610 5138 8620 6186 4641 893 4443 3454 6780 7001 7035 7615 4051 4191 355 463 6401 5684 7169 195 8777 192 6303 4962 9741 
33 8709 6001 5938 659 3442 6869 1969 8257 6244 4048 3429 3785 972 9993 6814 5080 5994 5104 2206 1858 4541 6505 5047 7420 9684 3699 25 5110 806 390 6189 7908 2980 
29 7633 994 4765 8797 130 2578 1575 851 5969 1676 2028 9529 1889 2382 8137 8422 4129 7206 1611 5708 6043 7137 7687 8363 1762 368 2829 6952 6246 
30 1965 286 4766 4068 4896 8699 7974 703 466 8469 257 6707 6585 4215 9996 3213 8210 1789 7684 8419 6604 7627 4102 146 4209 8084 5459 5491 7424 9837 
26 586 7781 548 667 5226 2394 8737 5760 5071 3797 6434 6378 8883 8355 7499 4704 7133 7095 8357 9486 8393 8554 6503 2544 7178 5453 
29 9960 8472 498 2195 81 1944 7916 230 3813 8147 4019 3290 3622 673 3026 6539 6050 7357 1649 9226 1987 7827 4036 3948 9576 5569 769 4585 7917 
31 7132 8653 2921 3205 7316 9270 3144 8131 2522 5420 1695 5108 9002 9430 6851 5541 5464 8107 5986 7826 5494 9245 4971 2117 1669 9032 616 8305 1891 5991 7796 
28 2146 6488 3383 1976 7699 9627 5058 9172 8723 9056 8089 8335 9434 831 6629 7546 5205 5841 8947 6372 1949 4173 9523 7930 3138 5877 7947 9307 
27 3363 7006 3693 598 1462 163 7412 9975 200 4864 753 1163 4379 3695 6208 8190 4555 3419 4924 1992 7669 6858 4450 7100 3956 7996 7364 
